mv_rate_11 pA 
10.3125,  1.1875,  0.3125,  0.625 ,  0.0625,  0.125 ,  0.0625,
        0.125 ,  0.3125,  0.25  ,  0.6875,  0.4375,  0.3125,  0.5625,
        0.75  ,  0.4375,  0.3125,  0.375 ,  0.1875,  0.5625,  0.1875,
        0.4375,  0.25  ,  0.125 ,  0.4375,  0.375 ,  0.375 ,  0.3125,
        0.3125,  0.4375,  0.25  ,  0.5   ,  0.1875,  0.375 ,  0.375 ,
        0.375 ,  0.0625,  0.5   ,  0.5625,  0.1875,  0.5625,  0.625 ,
        0.125 ,  0.375 ,  0.25  ,  0.0625,  0.1875,  0.5   ,  0.6875,
        0.75  ,  0.4375,  0.6875,  0.9375,  0.5625,  1.5625,  2.1875,
        1.875 ,  2.    ,  1.125 ,  1.125 ,  0.6875,  1.6875,  1.125 ,
        1.75  ,  1.8125,  0.6875,  1.5   ,  1.4375,  0.875 ,  0.625 ,
        0.8125,  0.8125,  1.6875,  1.9375,  1.6875,  0.5625,  0.5625,
        1.3125,  2.5   ,  1.5   ,  1.125 ,  1.125 ,  0.5625,  0.75  ,
        1.    ,  1.125 ,  0.6875,  0.9375,  0.875 ,  1.0625,  3.6875,
        6.3125, 11.25  , 40.5625, 44.0625, 47.0625, 46.8125, 38.5625,
       47.75  , 49.5   , 43.    , 43.6875, 39.9375, 46.3125, 52.3125,
       42.75  , 45.875 , 46.0625, 45.    , 39.8125, 49.75  , 44.375 ,
       43.75  , 39.8125, 40.75  , 53.125 , 50.3125, 43.125 , 42.6875,
       48.5   , 51.625 , 45.8125, 46.25  , 40.625 , 41.9375, 45.25  ,
       46.3125, 47.75  , 44.6875, 44.8125, 45.0625, 51.1875, 42.0625,
       38.5625, 43.25  , 48.4375, 43.6875, 47.9375, 43.8125, 42.8125,
       49.0625, 52.5   , 46.9375, 41.5   , 46.5625, 42.875 , 41.875 ,
       51.5625, 41.0625, 48.5625, 50.6875, 43.25  , 40.5   , 41.5625,
       41.875 , 45.875 , 42.625 , 44.9375, 47.25  , 46.5625, 43.8125,
       42.75  , 38.9375, 46.125 , 43.25  , 45.125 , 43.6875, 42.0625,
       43.625 , 46.5625, 47.25  , 43.    , 40.1875, 47.375 , 45.    ,
       49.5   , 47.4375, 49.6875, 42.8125, 48.4375, 40.875 , 45.1875,
       45.9375, 42.75  , 39.25  , 38.0625, 38.75  , 48.9375, 48.375 ,
       49.125 , 47.125 , 42.    , 34.625 , 40.875 , 44.625 , 37.75  ,
       39.6875, 45.625 , 40.625 , 41.5   , 40.6875, 44.1875, 49.875 ,
       49.0625, 46.25  , 48.875 , 47.1875, 44.5625, 35.5625, 43.5   ,
       41.9375, 45.9375, 40.5   , 42.125 , 41.125 , 46.25  , 49.5   ,
       44.25  , 52.5625, 44.5   , 45.25  , 47.75  , 38.75  , 49.    ,
       44.875 , 41.1875, 46.625 , 44.0625, 46.1875, 50.25  , 44.5   ,
       41.5625, 44.1875, 45.0625, 53.5   , 46.5   , 39.5   , 45.875 ,
       45.75  , 40.375 , 43.0625, 46.1875, 39.875 , 42.4375, 46.    ,
       41.375 , 49.    , 49.4375, 43.    , 41.25  , 48.5   , 43.    ,
       46.625 , 33.5   , 40.25  , 42.625 , 39.5625, 42.1875, 46.0625,
       43.6875, 39.3125, 44.    , 45.5625, 40.375 , 45.1875, 43.9375,
       45.625 , 38.0625, 43.5   , 46.6875, 42.25  , 50.9375, 47.3125,
       46.6875, 41.5625, 38.8125, 44.4375, 45.1875, 42.1875, 44.8125,
       47.    , 46.5   , 46.1875, 44.375 , 40.5   , 41.625 , 45.    ,
       48.25  , 46.5625, 43.375 , 47.125 , 42.625 , 43.125 , 48.5   ,
       42.    , 38.9375, 46.1875, 49.5625, 40.375 , 45.625 ])
       
       
       
       Mean_potential_per_bin_11pA 
       -0.05492376460584132,
 -0.053231770824898245,
 -0.05390449982158054,
 -0.054282386284476326,
 -0.053867692992883506,
 -0.05422151004656058,
 -0.054202483851635536,
 -0.054328072360810234,
 -0.054409471051090987,
 -0.053914675531846985,
 -0.05418468611408965,
 -0.05414353989277174,
 -0.05400058789862663,
 -0.05448342946205991,
 -0.05371085247543565,
 -0.05405777396100436,
 -0.05426801161063258,
 -0.05386066637356459,
 -0.05418799537528066,
 -0.053911639351484,
 -0.05388101587097892,
 -0.0543021153898802,
 -0.05489995760840184,
 -0.05407303501664602,
 -0.054095840918219756,
 -0.05400910837090853,
 -0.053924758969145586,
 -0.054062985221676296,
 -0.05444498606062101,
 -0.053952984134685085,
 -0.0543027160807371,
 -0.05425418964511269,
 -0.05382144359858536,
 -0.05411607885761827,
 -0.054154048663162924,
 -0.05421226468338698,
 -0.05422982340574598,
 -0.05414107196107045,
 -0.054087279448259605,
 -0.05436591798927113,
 -0.05420452200338983,
 -0.05393367396294453,
 -0.05415239153085349,
 -0.054212609866486454,
 -0.053986944994770136,
 -0.05426519423332803,
 -0.05420327917302343,
 -0.05421634262112731,
 -0.053939878912626894,
 -0.05428546820699827,
 -0.0538038755774451,
 -0.05364330367234416,
 -0.053872133759564955,
 -0.05358696902389278,
 -0.0534344507305304,
 -0.05348253873501832,
 -0.053309511907407535,
 -0.0532255080666284,
 -0.05348944263059655,
 -0.05373820929853012,
 -0.05361720854560193,
 -0.053390070478919395,
 -0.053221751797394766,
 -0.05357598548473843,
 -0.05334377251044593,
 -0.05357626350218576,
 -0.05349978711258643,
 -0.05352675931631351,
 -0.05346024960098871,
 -0.05363354115668839,
 -0.05347393051438803,
 -0.05406149277278377,
 -0.054299920246648564,
 -0.05315984417695894,
 -0.05332229905474671,
 -0.05353174682533946,
 -0.05355758714524855,
 -0.05398488834404219,
 -0.05302262033832049,
 -0.05307238989472427,
 -0.05334666622474659,
 -0.05342702678784633,
 -0.05393043133173956,
 -0.0535189186650209,
 -0.05354049802071975,
 -0.053833538062094656,
 -0.05359311453358972,
 -0.053841796042585044,
 -0.05344029992414235,
 -0.05368858786633554,
 -0.053111033949977064,
 -0.052813009505253375,
 -0.052719190504369406,
 -0.05237129488989612,
 -0.05243547843902878,
 -0.05241677741882176,
 -0.05233735048774232,
 -0.052241128758898296,
 -0.052387036053168655,
 -0.052494330245448355,
 -0.052154182561905245,
 -0.05248615589021284,
 -0.052245956732876964,
 -0.05236501482291086,
 -0.052464215651143446,
 -0.05242210703580993,
 -0.05235544119647827,
 -0.05253060130765227,
 -0.05245802490692288,
 -0.05220362652476317,
 -0.05240290741323071,
 -0.05236523513594154,
 -0.052420495300913715,
 -0.052353682806551234,
 -0.05246097552966436,
 -0.05250152568405305,
 -0.05243922420168125,
 -0.05251802575337264,
 -0.05254454346951408,
 -0.05253986023416271,
 -0.052434722479143436,
 -0.05262387363285723,
 -0.052450732121095606,
 -0.052512808120245176,
 -0.05225964179249635,
 -0.05224274710443875,
 -0.052280097379822976,
 -0.05234347463990524,
 -0.05239325701677632,
 -0.05253220450878783,
 -0.052237712292541046,
 -0.05225703430983849,
 -0.052313093665445363,
 -0.052260434479738625,
 -0.05219298440993004,
 -0.052499475129230824,
 -0.05234065045052832,
 -0.052538884687987834,
 -0.052328004677711884,
 -0.0523184452105358,
 -0.05227824059506068,
 -0.052540582049009306,
 -0.05245139316374031,
 -0.05240353276575644,
 -0.052149943190232716,
 -0.05233699443215828,
 -0.05235644899511557,
 -0.052566955065556906,
 -0.052449559661961305,
 -0.05246146925576294,
 -0.05233761416706157,
 -0.052190951469924904,
 -0.05240964757172482,
 -0.05234957445668982,
 -0.0524231223467663,
 -0.052354065291442486,
 -0.05250471709502286,
 -0.05253797981814956,
 -0.05225300456140472,
 -0.05216014402582263,
 -0.05256856839624703,
 -0.05228507884577954,
 -0.05240521206727724,
 -0.0523682727815371,
 -0.052443006873109974,
 -0.052537734732912476,
 -0.05241098847013666,
 -0.052398850160540904,
 -0.05251187765736298,
 -0.05236361571073696,
 -0.052539346271378476,
 -0.05235406571839776,
 -0.05248606122406328,
 -0.052452638316226,
 -0.0524578149244295,
 -0.05247536427115856,
 -0.05254679415258358,
 -0.05249130479838933,
 -0.05234024013103422,
 -0.052286265464427155,
 -0.05234225724420903,
 -0.052462807831787674,
 -0.05241434736718704,
 -0.05242525571684815,
 -0.052323518573123895,
 -0.052304660541427975,
 -0.05247240066045664,
 -0.052239917836479154,
 -0.05257126064726215,
 -0.05257370390687996,
 -0.05220639222516731,
 -0.05242484772114642,
 -0.05240960260778141,
 -0.052444406034996935,
 -0.05245139472718302,
 -0.05238238461913207,
 -0.05224679623657536,
 -0.052503847870802575,
 -0.05230614664547799,
 -0.05223744601928246,
 -0.052440619576248834,
 -0.052372326561271956,
 -0.05245391623878806,
 -0.052277582722744714,
 -0.05244999558499,
 -0.05244119841475605,
 -0.05232057520014337,
 -0.05235654631365083,
 -0.05239686994790869,
 -0.05248956753539151,
 -0.0523576962064014,
 -0.052506378101344564,
 -0.052230883313162106,
 -0.05248669695796254,
 -0.052258492099215494,
 -0.05225429789479986,
 -0.05257898451841063,
 -0.05260383121251115,
 -0.052390498953356505,
 -0.052396682506162764,
 -0.052376960566360965,
 -0.052422110406253414,
 -0.05230591778334527,
 -0.05235316868269083,
 -0.05257389904384313,
 -0.05236421275119128,
 -0.05233690702833467,
 -0.05232880559124145,
 -0.05232250978061484,
 -0.05259103043666394,
 -0.052433924358308494,
 -0.05252153005144873,
 -0.052394903323189294,
 -0.05255087783859575,
 -0.05227152367535466,
 -0.05236792975724296,
 -0.05239639299206371,
 -0.052437199103576096,
 -0.05260260518482303,
 -0.052463183313632075,
 -0.052470869634447234,
 -0.05235047161931613,
 -0.052448995738535294,
 -0.05238199241277803,
 -0.0524146083651919,
 -0.052462625292841916,
 -0.05251336365041773,
 -0.0524319041159739,
 -0.05233909503447224,
 -0.05237961211738736,
 -0.0523956872470919,
 -0.05245750760810996,
 -0.052586960943068875,
 -0.052383212794007414,
 -0.05226770668211667,
 -0.05230312361368927,
 -0.05224224793457845,
 -0.052390199865020685,
 -0.05236796391815224,
 -0.05251288547228197,
 -0.052177865006235,
 -0.05230917267631269,
 -0.0524245916828325,
 -0.05224135082295718,
 -0.05236392268685144,
 -0.05230074318744437,
 -0.0522742578566741,
 -0.05221128781251608,
 -0.052279209797948936,
 -0.0524394231376101,
 -0.05255043857730501,
 -0.0525129077932497,
 -0.05241737763029065,
 -0.05232983032398679,
 -0.05230208442073945,
 -0.052163095630730606,
 -0.052389159240498716,
 -0.052452001325173254,
 -0.05229025086559945,
 -0.05233178805543603,
 -0.05250630583082838,
 -0.0524296276563636,
 -0.052454765478857454,
 -0.05240754317028886,
 -0.052461563782347315,
 -0.05242871343935189,
 -0.05237077721893452,
 -0.05256455190846131,
 -0.05234090732390767,
 -0.05255925791037904,
 -0.05231956671117713,
 -0.05228155591798659,
 -0.05226777408917305,
 -0.05244764221372229,
 -0.05235839790656783,
 -0.05239997356190095,
 -0.052470929182863314,
 -0.05225148433290796,
 -0.05241103352183471,
 -0.05241862804805821]
 
 
 
 mv_rate_15pA 
 
 25.75  , 33.3125, 38.5   , 37.375 , 32.875 , 21.75  , 24.3125,
       27.5625, 30.5   , 30.8125, 32.4375, 33.8125, 37.9375, 33.9375,
       31.5625, 28.8125, 28.1875, 28.8125, 32.5625, 28.625 , 24.25  ,
       33.4375, 34.5625, 29.5625, 30.625 , 29.875 , 23.125 , 32.6875,
       35.625 , 35.875 , 31.6875, 28.3125, 41.9375, 39.25  , 29.625 ,
       28.875 , 39.25  , 25.0625, 29.875 , 30.5625, 26.6875, 32.4375,
       34.0625, 28.0625, 16.0625, 20.1875, 38.875 , 33.75  , 38.9375,
       29.875 , 49.5625, 46.5   , 51.125 , 46.4375, 44.5   , 40.8125,
       49.8125, 50.625 , 45.6875, 45.0625, 46.0625, 46.    , 50.3125,
       50.875 , 43.5   , 49.5   , 48.625 , 52.6875, 46.6875, 49.5   ,
       41.75  , 44.25  , 45.875 , 44.0625, 44.4375, 50.3125, 43.875 ,
       42.9375, 47.6875, 51.6875, 48.875 , 45.9375, 49.3125, 48.0625,
       41.8125, 41.375 , 51.    , 44.25  , 51.1875, 45.0625, 49.75  ,
       42.4375, 46.4375, 47.6875, 47.1875, 45.4375, 50.6875, 47.25  ,
       49.6875, 45.5625, 52.3125, 49.4375, 51.75  , 46.9375, 44.5625,
       47.6875, 52.9375, 48.625 , 43.0625, 45.5   , 49.8125, 45.4375,
       48.0625, 45.375 , 44.4375, 46.5625, 51.    , 47.75  , 49.1875,
       46.25  , 45.4375, 40.25  , 49.375 , 50.25  , 47.8125, 51.4375,
       45.75  , 45.6875, 47.375 , 47.0625, 46.75  , 47.875 , 48.5   ,
       48.5   , 50.625 , 51.4375, 44.0625, 42.3125, 51.6875, 44.4375,
       49.5625, 50.8125, 51.5625, 45.3125, 45.375 , 49.625 , 46.8125,
       45.8125, 54.    , 43.    , 46.875 , 46.3125, 47.9375, 43.375 ,
       47.3125, 44.375 , 44.875 , 48.625 , 45.9375, 50.8125, 49.25  ,
       46.4375, 43.3125, 49.4375, 46.125 , 49.1875, 45.    , 48.4375,
       44.0625, 46.5625, 42.625 , 50.5625, 47.6875, 52.3125, 45.    ,
       46.75  , 43.75  , 45.5625, 52.5625, 48.75  , 40.125 , 50.4375,
       49.875 , 48.5625, 47.0625, 49.75  , 53.4375, 54.0625, 44.375 ,
       37.875 , 47.4375, 52.375 , 47.    , 50.0625, 46.4375, 52.25  ,
       49.    , 46.4375, 48.375 , 44.0625, 50.    , 45.9375, 46.6875,
       50.5625, 46.8125, 44.    , 49.0625, 48.625 , 39.5   , 49.25  ,
       49.75  , 49.375 , 39.625 , 42.5625, 48.1875, 45.8125, 48.1875,
       51.75  , 39.9375, 53.25  , 47.1875, 45.125 , 42.375 , 44.4375,
       43.6875, 44.125 , 37.875 , 48.875 , 45.5   , 49.9375, 45.75  ,
       51.    , 44.5625, 48.1875, 50.75  , 44.75  , 51.875 , 47.25  ,
       48.    , 45.125 , 52.5   , 48.0625, 52.8125, 45.375 , 44.125 ,
       52.5625, 48.4375, 45.5   , 43.25  , 47.9375, 41.5625, 46.8125,
       51.0625, 43.1875, 47.25  , 43.1875, 53.1875, 46.1875, 39.875 ,
       46.4375, 51.125 , 44.375 , 46.75  , 42.75  , 49.1875, 44.6875,
       50.875 , 38.125 , 48.125 , 45.8125, 49.125 , 44.5625, 53.0625,
       42.9375, 50.0625, 45.    , 50.625 , 49.75  , 47.1875, 48.75  ,
       46.375 , 47.1875, 50.125 , 40.4375, 49.8125, 43.875 , 44.875 ,
       46.4375, 50.5   , 48.8125, 45.25  , 47.0625, 44.8125, 47.625 ,
       45.6875, 48.25  , 47.3125, 46.3125, 46.0625, 46.1875])
       
       
Mean_potential_per_bin_15 pA

-0.054812507412739304,
 -0.052405412430616805,
 -0.0524199188331283,
 -0.05240745617174304,
 -0.05218662213552496,
 -0.0521868834509633,
 -0.052349387862241886,
 -0.05241262628771051,
 -0.05244758024570718,
 -0.05225870673990464,
 -0.05244583428323645,
 -0.052211210102508315,
 -0.05261306693437198,
 -0.05219120893959625,
 -0.05229825588322774,
 -0.05226936695084127,
 -0.05231353872849466,
 -0.05254336327163947,
 -0.0523889509656153,
 -0.05213341509244503,
 -0.05235409853352634,
 -0.05233329050175138,
 -0.0522737372797287,
 -0.05229106200073699,
 -0.05206803857546694,
 -0.05229264482743078,
 -0.0522817218626748,
 -0.05227301188131958,
 -0.052354229716595244,
 -0.05243926183001899,
 -0.05228476241951476,
 -0.052310486615400345,
 -0.05234288086167387,
 -0.052341228221643915,
 -0.05236400575680339,
 -0.05250344050400209,
 -0.05235560489405696,
 -0.05247261378724542,
 -0.052201294038517414,
 -0.052355554060013514,
 -0.05226901340246649,
 -0.05215374449821567,
 -0.05233380286436523,
 -0.052260695887432575,
 -0.052433534806756575,
 -0.052351430078913096,
 -0.052440697555986106,
 -0.05257829456478422,
 -0.05232848293906359,
 -0.052350467820717464,
 -0.05236077084794788,
 -0.0524309899766002,
 -0.05220310508769081,
 -0.052545603595563116,
 -0.05249694157682404,
 -0.05229225897101806,
 -0.052566313024591055,
 -0.05238793231518621,
 -0.05233630555226422,
 -0.05235295844027712,
 -0.05235278163610158,
 -0.0524252211321016,
 -0.05240187533916035,
 -0.05259552536977191,
 -0.05248127986790699,
 -0.05246989146014649,
 -0.05256679920183022,
 -0.05261714123038042,
 -0.05238515734028235,
 -0.05248018109293442,
 -0.05231475672769062,
 -0.052459195285849296,
 -0.052511125949098895,
 -0.052593141588144335,
 -0.05254730700975199,
 -0.052443984379220536,
 -0.05227456884781795,
 -0.05244727449200466,
 -0.0523059756646671,
 -0.052472447457734356,
 -0.052340736954355045,
 -0.05237447690511069,
 -0.05239670547019401,
 -0.05255431431533619,
 -0.052343077515452745,
 -0.05223335017302823,
 -0.05250207325202566,
 -0.05230769646375522,
 -0.05253964978046256,
 -0.05208344404151601,
 -0.05239714154863887,
 -0.052356555728471005,
 -0.05246605346520068,
 -0.05241851250654662,
 -0.052316557866076606,
 -0.05213322145041587,
 -0.05242287708084566,
 -0.05239053684477513,
 -0.05252095022083502,
 -0.052585051878229316,
 -0.05242459361301325,
 -0.052433001336556095,
 -0.052344965985797146,
 -0.05234252999774638,
 -0.052340512004175166,
 -0.052377303930608736,
 -0.05231105538728659,
 -0.05257103817266987,
 -0.05241215977181138,
 -0.052194736689000765,
 -0.05258019117453985,
 -0.05245835659750203,
 -0.052451106150212194,
 -0.05234932033457105,
 -0.05242272415020141,
 -0.052544833398546376,
 -0.05243868871824536,
 -0.05248375824435305,
 -0.05232823241139245,
 -0.05237145851091334,
 -0.052129718706290296,
 -0.0522688749483612,
 -0.052414214328431324,
 -0.05241644789972484,
 -0.052600925138155015,
 -0.05244102158122896,
 -0.052270152583001446,
 -0.052194489567203114,
 -0.0525082495118132,
 -0.052487423949771045,
 -0.05249734071912713,
 -0.052379622017956005,
 -0.052407225388943976,
 -0.05247234182453672,
 -0.052462832259726484,
 -0.05240654049614138,
 -0.05245549388795421,
 -0.052421604020299474,
 -0.05244130882097011,
 -0.05247988974204523,
 -0.05225977999319849,
 -0.05260761370603692,
 -0.05249576730572973,
 -0.05255686766993278,
 -0.05240830296856044,
 -0.05263434675248984,
 -0.05225337194579348,
 -0.05247797588500333,
 -0.0525355702630044,
 -0.0524073467854666,
 -0.052363942657759364,
 -0.05236994125639117,
 -0.05245709118946088,
 -0.052320226130851924,
 -0.05226980133099717,
 -0.05249386280138269,
 -0.05250513761409211,
 -0.05235522730459716,
 -0.05219311799387994,
 -0.052460258562674916,
 -0.052503860749534184,
 -0.052333894377345126,
 -0.052454515955617495,
 -0.05245373034959979,
 -0.05244621915094485,
 -0.05238182833616874,
 -0.05227071992135588,
 -0.05241368674902991,
 -0.05218226262266963,
 -0.05262148238167821,
 -0.05240171036537525,
 -0.0524347664701845,
 -0.05250054186084621,
 -0.0524476964703644,
 -0.0523719655504547,
 -0.05231499004113056,
 -0.05260765650820324,
 -0.05253050780072943,
 -0.05267875117586227,
 -0.05243018987719648,
 -0.05236164928421518,
 -0.05245735982807817,
 -0.05242451272889277,
 -0.052198561342211326,
 -0.05242982878788686,
 -0.05238509267627592,
 -0.05244024884303174,
 -0.05254554780545569,
 -0.052436481350285266,
 -0.05239141941980407,
 -0.0524576962848247,
 -0.052394885724958186,
 -0.052393046367012815,
 -0.05252302160349176,
 -0.05243936151210778,
 -0.05241902861551642,
 -0.05241620216082753,
 -0.05242985576402698,
 -0.05258809032309168,
 -0.052414991294642055,
 -0.05221615811197054,
 -0.052238007457729614,
 -0.05248605104920179,
 -0.0524727899862345,
 -0.05247472607674629,
 -0.05245222590497629,
 -0.052200592521177674,
 -0.05257050513395175,
 -0.052426797440467465,
 -0.052430099076879094,
 -0.05236886537005308,
 -0.05247442703997951,
 -0.052310671003679386,
 -0.05230795931894302,
 -0.05248081369795882,
 -0.05240636672342342,
 -0.05260074103296342,
 -0.0524818164949288,
 -0.05244745818715911,
 -0.05253613476747351,
 -0.052508768726923144,
 -0.052269396696826294,
 -0.05240599136930008,
 -0.05250327225355903,
 -0.052406130625387105,
 -0.052361614006367,
 -0.052260602650938265,
 -0.05231494376577145,
 -0.05243879688511834,
 -0.0523615440662381,
 -0.052448021141166874,
 -0.05233313532944549,
 -0.05247238458505301,
 -0.05247187414268668,
 -0.05245074395694905,
 -0.05244590562220972,
 -0.052568340814016165,
 -0.052244802094247283,
 -0.052449183203870306,
 -0.05238870389250458,
 -0.05238388855789026,
 -0.05248293455352453,
 -0.05234019865248662,
 -0.052494270288377685,
 -0.052190917967743916,
 -0.052428819549407105,
 -0.052340894453881945,
 -0.05254608076436842,
 -0.052390300768429834,
 -0.05247252977824608,
 -0.05242770252263499,
 -0.05234342288075314,
 -0.05252820237392342,
 -0.05233107618378285,
 -0.05247484598622285,
 -0.052380504973861416,
 -0.05249429089582016,
 -0.05234242313441156,
 -0.05248642056733333,
 -0.052236226137665015,
 -0.0523366995031686,
 -0.05239911300609684,
 -0.05242451910427208,
 -0.05241106764202206,
 -0.0525621029990076,
 -0.05229051961288512,
 -0.052613457083180215,
 -0.052251357831619466,
 -0.05232136441697052,
 -0.05254851355560827,
 -0.052343403765055,
 -0.05224306628174486,
 -0.0523656899825993,
 -0.05227758113025278,
 -0.052460208059428616,
 -0.05229550227958956,
 -0.052394960566174244,
 -0.052397661671679696,
 -0.0523770339090389,
 -0.0523074753890116,
 -0.05241101612388597,
 -0.05231374237094311,
 -0.052612924419372445,
 -0.05245283235791332,
 -0.05239478628406319,
 -0.05235920215256748,
 -0.05244688595984973,
 -0.05241382440201946,
 -0.052366227169490284,
 -0.05254064077413203,
 -0.05223356792954746,
 -0.05244495767031987,
 -0.05251453488925728,
 -0.052266304239594955,
 -0.052162483349532385,
 -0.05258488304438322,
 -0.0523674509919349,
 -0.05229245747940544,
 -0.0523495955270922,
 -0.05244858955442648]

 
 Mean_potential_per_bin_10pA
 
 -0.054787658588947095,
 -0.052287646456566146,
 -0.05207831006388484,
 -0.052161699983377156,
 -0.0522657492756624,
 -0.05219131464606875,
 -0.05232729339158741,
 -0.05245016503177943,
 -0.05222605491113878,
 -0.05243589954637816,
 -0.05232684973915999,
 -0.052194502156190724,
 -0.05244798009923368,
 -0.05241397595908284,
 -0.05245790154896625,
 -0.052393456904126265,
 -0.05242205757515313,
 -0.05244795709606409,
 -0.0523226651723443,
 -0.05255160682080153,
 -0.05251105331261071,
 -0.05232470622824449,
 -0.05243410727930646,
 -0.052398584927722563,
 -0.05232380238857634,
 -0.05246189459429141,
 -0.052399497232721935,
 -0.05246249573957,
 -0.052338631424861976,
 -0.05239502660530473,
 -0.05232180148060181,
 -0.05241881090238334,
 -0.05220916989355333,
 -0.05215826145823388,
 -0.05223707252456686,
 -0.05227535637568655,
 -0.05227558838236437,
 -0.052363160066461314,
 -0.05239116230382363,
 -0.05239830681264502,
 -0.05243573487894326,
 -0.05236343679619987,
 -0.05245117513451518,
 -0.05228498983887661,
 -0.05226603055418533,
 -0.05245068141771934,
 -0.052764908042266294,
 -0.05367450455293455,
 -0.05423398950648497,
 -0.05379702038535436,
 -0.05404110486334785,
 -0.05329625288431374,
 -0.053491769392695995,
 -0.05336885343282276,
 -0.053484527629886945,
 -0.05319431652986792,
 -0.05353195948542886,
 -0.05371494123533768,
 -0.053706002716139165,
 -0.05347005304888035,
 -0.05319632004265463,
 -0.05346031662370566,
 -0.053492427421482934,
 -0.053818753991042564,
 -0.05337870497730646,
 -0.05406372181554305,
 -0.05355378292842147,
 -0.05375292465240717,
 -0.053740009316132466,
 -0.05353907398883595,
 -0.053358663107790756,
 -0.053700117815445265,
 -0.05332133591233987,
 -0.0537557382221704,
 -0.05411930297658032,
 -0.05384643870549317,
 -0.05390376743938342,
 -0.05340527037203792,
 -0.05385481094880328,
 -0.054055120758698665,
 -0.053738811521897384,
 -0.053456893305469856,
 -0.05373476558723905,
 -0.05369670286236317,
 -0.05382871424126643,
 -0.053557857781262756,
 -0.05357252987308609,
 -0.053745691075677476,
 -0.05416034197176971,
 -0.053442043847856203,
 -0.05333485471689128,
 -0.053663890004128516,
 -0.05386335230066899,
 -0.0541680128240816,
 -0.053407182410998025,
 -0.053695339911119425,
 -0.053422671114932124,
 -0.05354408892116504,
 -0.05337685050173125,
 -0.053710814341804004,
 -0.05374189207244358,
 -0.05404773207959877,
 -0.05383214985463862,
 -0.05362918267726654,
 -0.05362026827312679,
 -0.05377798426270089,
 -0.053484281700289814,
 -0.05365078109610781,
 -0.053915458360706575,
 -0.0537286488013442,
 -0.05358024726604903,
 -0.053510818171511224,
 -0.053451966692083366,
 -0.0542225056759372,
 -0.05382342273310516,
 -0.053761062441443276,
 -0.053635444776919367,
 -0.053986736066936825,
 -0.053841088048502475,
 -0.053368499235802405,
 -0.05382345928997074,
 -0.0535795191816174,
 -0.053284251922483705,
 -0.05365343299696397,
 -0.05334115837295152,
 -0.05411998833214765,
 -0.053980231991934816,
 -0.053083479314731535,
 -0.053660256760407955,
 -0.053199319455479996,
 -0.05333175104563031,
 -0.05328356875214307,
 -0.053616859691846964,
 -0.05366601454155338,
 -0.05319967219425801,
 -0.05332608669371457,
 -0.05364602050791659,
 -0.05371949181161915,
 -0.0535503211564137,
 -0.05355639561225798,
 -0.05402031085734635,
 -0.05313943299652263,
 -0.05401503454898604,
 -0.053262644386789855,
 -0.05366370105438262,
 -0.05355412705205,
 -0.053445891772195345,
 -0.053559153541655594,
 -0.05409164119425171,
 -0.05397013427008824,
 -0.053469334272079984,
 -0.05388816681084926,
 -0.05376584541926471,
 -0.0539643689673475,
 -0.053828375435857466,
 -0.053668426899479774,
 -0.053724801015279565,
 -0.05377392247819808,
 -0.05359334673716586,
 -0.0536763727957039,
 -0.053614662126987615,
 -0.05365283522729625,
 -0.05394437343385644,
 -0.05403965044733741,
 -0.05347007488488692,
 -0.053827976638153335,
 -0.05372694666915789,
 -0.053554329203589504,
 -0.05360609407455248,
 -0.05379894685864551,
 -0.053550598380167604,
 -0.05358720965901767,
 -0.05413056604708164,
 -0.053599832308947215,
 -0.05355933805557006,
 -0.05353839807433312,
 -0.05354593952546297,
 -0.05368941384414584,
 -0.053933065866132814,
 -0.05378276485243894,
 -0.053420168950995224,
 -0.05337419053002126,
 -0.05353267595182472,
 -0.05386017458497529,
 -0.053693606214505564,
 -0.05336774089415384,
 -0.05354785351801949,
 -0.054021186225236446,
 -0.053926388179458516,
 -0.05373258194576067,
 -0.053422802979660296,
 -0.05345160370962477,
 -0.05339200448198035,
 -0.05366591186599779,
 -0.05370669446248019,
 -0.05405536133924199,
 -0.05358094482101212,
 -0.05384649975665637,
 -0.05396112512753164,
 -0.05343396326881102,
 -0.053627631304286806,
 -0.053519496753943886,
 -0.053392368205259215,
 -0.053761761108267164,
 -0.05378062299483144,
 -0.05303803673076251,
 -0.053446204096098134,
 -0.05318879754110237,
 -0.05331871761082933,
 -0.053640737113094694,
 -0.05332098781298891,
 -0.05323712498784806,
 -0.05328579266725905,
 -0.05348959121888555,
 -0.053173236355945556,
 -0.05342134200461063,
 -0.053797024153295236,
 -0.053618265000741995,
 -0.05414274770985592,
 -0.05381984131990812,
 -0.053663476221738726,
 -0.05396662822916877,
 -0.053635805617450044,
 -0.05344504971845007,
 -0.05377291104476011,
 -0.05380273949942326,
 -0.0533297812287034,
 -0.053504590440146146,
 -0.053743031929921095,
 -0.05348496240995307,
 -0.0537779006106155,
 -0.053789518410932755,
 -0.05373415719829424,
 -0.053835150682251226,
 -0.05352347215793904,
 -0.053662165489272946,
 -0.05371371546439982,
 -0.053519273057800396,
 -0.05356862605503984,
 -0.05325315419555416,
 -0.0538074144411145,
 -0.05382868804849328,
 -0.053857154886719556,
 -0.053700569179854406,
 -0.0532942743799493,
 -0.05358267017594096,
 -0.052842768406220014,
 -0.05331505079358486,
 -0.0535004564850642,
 -0.05363065394859797,
 -0.05390923026607623,
 -0.053609836594670245,
 -0.053596745787811456,
 -0.05395865277622153,
 -0.05375428737875588,
 -0.053384395606996246,
 -0.05374586035984588,
 -0.0535994523647557,
 -0.053354005475325775,
 -0.053794430313778674,
 -0.05323935801797428,
 -0.05340266680315887,
 -0.053941597812737926,
 -0.053312471898523645,
 -0.053346621022555295,
 -0.05317060882540206,
 -0.05296799052284143,
 -0.053390102355635,
 -0.053524905416675726,
 -0.053559343129684495,
 -0.05354266183521093,
 -0.053331295182058154,
 -0.0532828687030929,
 -0.05331413615261948,
 -0.053558138972235006,
 -0.053628831721935055,
 -0.05371603126522301,
 -0.053807353442850904,
 -0.05353192122282126,
 -0.05398085876504947,
 -0.05348791210262652,
 -0.05371475060945245,
 -0.05413613691784709,
 -0.05346787180096149,
 -0.053237688902119454,
 -0.05320180235479968,
 -0.05347653237366644,
 -0.05389156828452458,
 -0.05359302494357873,
 -0.05344327610990151,
 -0.053358586480700056,
 -0.05372123620539188,
 -0.05308571612503192,
 -0.053043873164948824,
 -0.05316314243617001,
 -0.05336324954032186,
 -0.053688354020278425,
 -0.05387860617063122,
 -0.05377304837759178,
 -0.05359810553624686]
 
 mv_rate_10pA
 
 [24.3125, 26.625 , 35.1875, 34.8125, 33.375 , 34.0625, 35.0625,
       35.3125, 36.875 , 39.375 , 38.0625, 33.0625, 34.0625, 36.25  ,
       36.3125, 33.6875, 26.75  , 37.125 , 34.5625, 32.25  , 40.0625,
       18.4375, 11.3125, 30.1875, 28.6875, 29.9375, 36.5625, 36.5   ,
       24.5   , 35.75  , 35.5625, 26.4375, 13.5625, 32.    , 30.8125,
       28.1875, 29.5625, 29.5   , 29.6875, 37.125 , 34.5625, 35.4375,
       34.9375, 32.3125, 11.5   ,  8.4375,  2.3125,  0.6875,  0.5   ,
        0.625 ,  1.125 ,  1.3125,  1.25  ,  1.25  ,  1.375 ,  1.125 ,
        0.6875,  0.875 ,  1.5625,  2.75  ,  1.125 ,  0.875 ,  0.5625,
        0.875 ,  0.375 ,  1.25  ,  0.5625,  0.1875,  0.75  ,  1.1875,
        1.4375,  1.1875,  1.    ,  1.    ,  0.9375,  0.5   ,  0.8125,
        0.5625,  0.5625,  0.6875,  0.5   ,  0.9375,  0.9375,  1.    ,
        0.9375,  0.125 ,  0.5625,  0.5625,  0.3125,  1.8125,  1.    ,
        0.6875,  0.25  ,  1.625 ,  0.875 ,  1.    ,  0.75  ,  1.0625,
        1.4375,  0.375 ,  0.4375,  0.4375,  0.625 ,  0.8125,  0.6875,
        0.9375,  0.6875,  0.25  ,  1.    ,  0.9375,  1.5625,  1.    ,
        0.375 ,  0.5   ,  0.8125,  0.3125,  1.1875,  0.8125,  0.875 ,
        2.    ,  1.4375,  2.1875,  1.3125,  1.625 ,  0.6875,  0.3125,
        1.25  ,  1.    ,  2.    ,  1.9375,  2.25  ,  2.125 ,  2.1875,
        1.5   ,  1.375 ,  1.125 ,  0.75  ,  0.75  ,  0.875 ,  0.875 ,
        1.5   ,  1.0625,  1.1875,  1.375 ,  0.5   ,  0.5625,  0.9375,
        0.625 ,  0.6875,  0.5625,  0.875 ,  0.5625,  0.875 ,  0.5   ,
        0.9375,  1.1875,  1.5625,  0.4375,  0.9375,  0.625 ,  0.8125,
        0.4375,  0.4375,  1.125 ,  1.125 ,  0.6875,  0.75  ,  0.6875,
        0.9375,  1.0625,  0.6875,  1.    ,  0.875 ,  0.625 ,  0.75  ,
        1.4375,  0.5   ,  0.4375,  0.5625,  0.9375,  1.4375,  2.125 ,
        1.25  ,  0.8125,  1.    ,  1.5   ,  0.5   ,  0.625 ,  0.3125,
        1.    ,  0.8125,  1.9375,  1.3125,  0.375 ,  0.375 ,  0.5625,
        0.625 ,  0.4375,  0.6875,  1.875 ,  1.6875,  1.5625,  1.375 ,
        1.1875,  2.125 ,  1.9375,  0.9375,  1.625 ,  1.1875,  1.9375,
        1.5625,  2.5625,  1.75  ,  2.    ,  1.    ,  1.    ,  0.75  ,
        0.6875,  0.5625,  0.5625,  0.625 ,  0.5   ,  0.5625,  0.5   ,
        0.875 ,  1.375 ,  1.125 ,  0.5625,  1.3125,  0.875 ,  0.5   ,
        0.75  ,  0.8125,  0.6875,  1.0625,  1.1875,  0.6875,  1.0625,
        1.875 ,  0.8125,  0.375 ,  0.5625,  0.9375,  0.875 ,  1.5   ,
        1.8125,  2.625 ,  1.25  ,  1.0625,  0.625 ,  0.375 ,  0.4375,
        0.25  ,  0.375 ,  0.5625,  1.8125,  0.75  ,  1.1875,  1.4375,
        1.8125,  1.6875,  1.25  ,  0.9375,  1.625 ,  1.5   ,  2.25  ,
        1.875 ,  1.75  ,  1.5625,  0.625 ,  1.4375,  1.6875,  0.8125,
        1.    ,  1.3125,  0.5625,  0.75  ,  1.    ,  0.6875,  0.8125,
        1.125 ,  0.5625,  0.75  ,  2.625 ,  2.375 ,  1.5   ,  0.8125,
        0.6875,  0.6875,  1.4375,  1.25  ,  1.9375,  2.25  ,  2.625 ,
        2.1875,  0.9375,  1.8125,  1.1875,  0.9375,  0.8125])
 
 
