0, 0.0
1, 0.0
2, 0.0
3, 0.0
4, 0.0
5, 0.0
6, 0.0
7, 0.0
8, 0.0
9, 0.0
10, 0.0
11, 0.0
12, 0.0
13, 0.0
14, 0.0
15, 0.0
16, 0.0
17, 0.0
18, 0.0
19, 0.0
20, 0.0
21, 0.0
22, 0.0
23, 0.0
24, 0.0
25, 0.0
26, 0.0
27, 0.0
28, 0.0
29, 0.0
30, 0.0
31, 0.0
32, 0.0
33, 0.0
34, 0.0
35, 0.0
36, 0.0
37, 0.0
38, 0.0
39, 0.0
40, 0.0
41, 0.0
42, 0.0
43, 0.0
44, 0.0
45, 0.0
46, 0.0
47, 0.0
48, 0.0
49, 0.0
50, 0.0
51, 0.0
52, 0.0
53, 0.0
54, 0.0
55, 0.0
56, 0.0
57, 0.0
58, 0.0
59, 0.0
60, 0.0
61, 0.0
62, 0.0
63, 0.0
64, 0.0
65, 0.0
66, 0.0
67, 0.0
68, 0.0
69, 0.0
70, 0.0
71, 0.0
72, 0.0
73, 0.0
74, 0.0
75, 0.0
76, 0.0
77, 0.0
78, 0.0
79, 0.0
47, 0.0375
58, 0.0392
55, 0.0408
49, 0.042
5, 0.0435
77, 0.0484
59, 0.0569
69, 0.0579
63, 0.0588
3, 0.0589
36, 0.0593
16, 0.0614
19, 0.0696
29, 0.0701
2, 0.0711
17, 0.0719
44, 0.0749
0, 0.079
20, 0.0829
73, 0.0855
74, 0.0859
23, 0.0863
39, 0.0864
1, 0.0871
38, 0.0894
47, 0.0899
45, 0.0958
57, 0.0989
66, 0.1007
28, 0.1046
46, 0.1104
76, 0.111
53, 0.1112
70, 0.1132
67, 0.1139
59, 0.1145
74, 0.1146
56, 0.1149
60, 0.1154
61, 0.1192
1, 0.1334
71, 0.1348
19, 0.1385
55, 0.1424
42, 0.1543
3, 0.1627
32, 0.1703
1, 0.192
15, 0.1974
7, 0.2018
25, 0.275
23, 0.2814
66, 0.292
32, 0.3266
62, 0.5374
40, 0.5735
72, 0.5891
73, 0.836
65, 0.8472
65, 0.8705
6, 0.8741
30, 0.8773
19, 0.8981
13, 0.9443
16, 0.9812
76, 1.0936
68, 1.1682
28, 1.1742
24, 1.2377
4, 1.5152
74, 1.5158
37, 1.5649
21, 1.5724
66, 1.6296
79, 1.7939
30, 1.8039
51, 1.8049
65, 1.8116
27, 1.8165
28, 1.8914
54, 1.9289
22, 1.9513
59, 1.9799
33, 2.1569
31, 2.1613
72, 2.1857
15, 2.217
4, 2.2577
51, 2.2747
24, 2.3112
26, 2.3161
37, 2.3729
12, 2.4109
26, 2.42
49, 2.4219
34, 2.4855
24, 2.4924
22, 2.608
28, 2.6272
32, 2.7702
3, 2.8556
64, 2.8674
78, 2.9129
45, 2.9851
51, 2.9878
63, 3.0055
50, 3.0204
65, 3.0646
13, 3.0931
31, 3.2032
73, 3.313
68, 3.4024
4, 3.4103
45, 3.4443
34, 3.5373
17, 3.7608
18, 3.8795
30, 4.0007
60, 4.0045
31, 4.0972
36, 4.1034
0, 4.1829
68, 4.2248
76, 4.2272
10, 4.2823
14, 4.2915
79, 4.314
42, 4.365
75, 4.6212
22, 4.8395
11, 4.843
33, 4.9456
76, 5.2511
48, 5.455
47, 5.4562
42, 5.4582
33, 5.4883
66, 5.7801
45, 5.7989
79, 5.9692
64, 5.9914
34, 6.0463
13, 6.0618
19, 6.0756
44, 6.1859
50, 6.2526
76, 6.274
59, 6.2844
60, 6.3724
46, 6.4592
78, 6.4886
78, 6.5535
79, 6.6069
61, 6.761
48, 6.853
42, 6.8637
38, 6.9338
40, 7.0227
0, 7.0891
35, 7.1091
63, 7.1142
49, 7.1663
1, 7.2021
12, 7.2502
47, 7.2732
16, 7.3099
12, 7.4758
79, 7.5112
60, 7.6938
12, 7.7553
61, 7.8321
48, 7.8794
46, 7.9078
54, 7.9967
1, 8.07
47, 8.1339
59, 8.1432
70, 8.3512
9, 8.3519
25, 8.3764
23, 8.3917
32, 8.3997
29, 8.5292
54, 8.582
47, 8.641
54, 8.6622
78, 8.7019
38, 8.7362
20, 8.7391
39, 8.8008
7, 8.8376
52, 8.8678
62, 8.968
37, 9.0606
74, 9.0648
24, 9.0878
9, 9.3901
72, 9.449
64, 9.459
66, 9.5598
0, 9.5816
30, 9.6114
47, 9.6476
78, 9.7311
38, 9.7608
14, 9.9456
65, 10.1412
34, 10.197
69, 10.2054
71, 10.2093
23, 10.2368
14, 10.2415
41, 10.283
78, 10.2831
57, 10.2903
38, 10.3047
25, 10.4077
12, 10.5347
2, 10.7571
42, 10.7736
59, 10.8425
53, 10.845
36, 10.8485
9, 10.9818
10, 11.0005
36, 11.0871
11, 11.1331
10, 11.1608
31, 11.2843
53, 11.4631
23, 11.6919
54, 11.7372
57, 12.0138
36, 12.0175
71, 12.0236
72, 12.1201
36, 12.2148
75, 12.2823
38, 12.4702
68, 12.544
70, 12.5635
75, 12.622
64, 12.7519
9, 12.7808
17, 12.7997
52, 12.9214
51, 13.0477
37, 13.1065
38, 13.1612
16, 13.1946
60, 13.2362
40, 13.3566
23, 13.3857
45, 13.4557
21, 13.493
4, 13.4996
26, 13.7334
74, 13.8403
64, 13.8497
6, 13.8636
28, 14.0913
74, 14.3283
78, 14.3575
2, 14.5466
6, 14.8017
41, 14.8156
57, 14.8716
14, 14.9388
29, 14.9642
45, 15.017
20, 15.0769
10, 15.1025
24, 15.1597
18, 15.2847
43, 15.2849
9, 15.39
56, 15.4092
40, 15.4426
21, 15.4539
68, 15.4637
26, 15.4659
78, 15.5451
0, 15.5577
14, 15.5659
28, 15.628
36, 15.7459
60, 15.8515
31, 15.8715
62, 15.8935
46, 15.8994
44, 15.9761
47, 15.9853
54, 16.0147
41, 16.0238
63, 16.0391
66, 16.0488
17, 16.0562
66, 16.075
9, 16.081
22, 16.1227
28, 16.2235
50, 16.3401
76, 16.409
46, 16.5364
0, 16.5503
70, 16.5525
64, 16.5727
66, 16.5768
45, 16.63
37, 16.6399
59, 16.6677
61, 16.679
65, 16.7008
29, 16.8221
61, 16.853
1, 16.865
37, 16.9024
8, 16.9273
4, 16.9383
12, 16.9466
54, 16.997
30, 17.0735
77, 17.2607
69, 17.2756
69, 17.3216
29, 17.4328
46, 17.5027
22, 17.5717
46, 17.5783
62, 17.5847
30, 17.6847
38, 17.9678
69, 17.9702
9, 18.1065
61, 18.2782
47, 18.3482
37, 18.4299
60, 18.5291
72, 18.559
68, 18.7038
68, 18.9726
32, 19.1626
66, 19.2826
29, 19.2889
50, 19.3415
78, 19.374
79, 19.4373
35, 19.4673
40, 19.5265
46, 19.5287
66, 19.5397
24, 19.5403
60, 19.5405
28, 19.5414
67, 19.5426
5, 19.5462
72, 19.554
20, 19.5542
74, 19.5543
69, 19.5575
61, 19.5604
50, 19.5649
62, 19.5688
57, 19.5847
27, 19.5864
23, 19.5888
78, 19.5913
17, 19.5977
30, 19.598
47, 19.5983
33, 19.5992
10, 19.5996
63, 19.5998
69, 19.6012
18, 19.6019
64, 19.6047
37, 19.6053
50, 19.6058
25, 19.606
12, 19.6066
24, 19.6068
72, 19.6072
32, 19.6073
58, 19.6097
7, 19.6099
34, 19.6112
51, 19.6116
44, 19.6121
59, 19.6126
65, 19.6133
5, 19.6136
45, 19.614
28, 19.6144
42, 19.6154
53, 19.6155
40, 19.6166
23, 19.6198
3, 19.6208
41, 19.6214
9, 19.6222
18, 19.6237
34, 19.6244
36, 19.6248
2, 19.6271
28, 19.6279
16, 19.6281
63, 19.6281
32, 19.6291
50, 19.6293
73, 19.6295
62, 19.6296
78, 19.6297
54, 19.63
49, 19.6303
12, 19.6308
4, 19.6309
22, 19.6341
47, 19.6364
41, 19.6366
57, 19.6372
29, 19.6382
3, 19.6383
48, 19.6384
46, 19.6385
23, 19.6386
58, 19.6387
30, 19.6393
37, 19.6394
70, 19.6395
73, 19.6401
1, 19.6403
76, 19.6406
65, 19.641
14, 19.6411
62, 19.6415
39, 19.6416
5, 19.642
77, 19.6422
18, 19.6426
35, 19.6429
59, 19.6429
26, 19.643
33, 19.6434
43, 19.6436
64, 19.6436
9, 19.6437
53, 19.644
57, 19.644
69, 19.6443
27, 19.6445
15, 19.6448
51, 19.6448
6, 19.6449
50, 19.6449
7, 19.645
10, 19.6459
30, 19.6463
0, 19.6465
12, 19.6468
38, 19.6469
22, 19.6471
67, 19.6473
32, 19.6475
63, 19.6478
44, 19.6487
45, 19.6488
42, 19.6492
75, 19.6494
13, 19.6497
68, 19.6498
72, 19.6498
21, 19.6503
52, 19.6504
71, 19.6509
61, 19.651
23, 19.6514
55, 19.6524
11, 19.6525
4, 19.6535
5, 19.6538
47, 19.6539
19, 19.6542
8, 19.6543
53, 19.6548
78, 19.6555
26, 19.6562
15, 19.6564
33, 19.6569
70, 19.6571
32, 19.6576
2, 19.6577
57, 19.6577
35, 19.6579
22, 19.6581
73, 19.6581
14, 19.6584
52, 19.6585
49, 19.6586
41, 19.6587
30, 19.6589
24, 19.659
37, 19.6595
17, 19.6603
59, 19.6603
65, 19.6606
28, 19.6607
66, 19.6611
79, 19.6618
23, 19.6621
45, 19.6622
27, 19.6623
58, 19.663
5, 19.6631
21, 19.6633
72, 19.6637
67, 19.664
77, 19.6644
7, 19.6648
12, 19.665
36, 19.6656
40, 19.6657
60, 19.6666
55, 19.6668
46, 19.6669
68, 19.6675
3, 19.6676
13, 19.6676
42, 19.6677
76, 19.668
10, 19.6681
54, 19.6682
78, 19.6687
0, 19.6692
34, 19.6693
26, 19.6694
29, 19.6698
38, 19.6698
39, 19.67
15, 19.6701
11, 19.6703
69, 19.6703
61, 19.6706
63, 19.6706
48, 19.671
56, 19.6714
74, 19.6716
2, 19.6718
14, 19.672
21, 19.6726
41, 19.6727
59, 19.6729
5, 19.6732
1, 19.6736
62, 19.6737
58, 19.674
30, 19.6747
24, 19.6748
27, 19.6748
28, 19.6752
49, 19.6754
31, 19.6758
4, 19.6759
18, 19.6759
17, 19.6761
16, 19.6764
37, 19.6765
52, 19.6765
36, 19.6766
9, 19.6768
23, 19.6769
64, 19.6769
47, 19.677
79, 19.6774
32, 19.6777
20, 19.6778
19, 19.6779
44, 19.6784
77, 19.6784
54, 19.6787
65, 19.6787
6, 19.6788
39, 19.6791
50, 19.6791
57, 19.6791
73, 19.6792
25, 19.6795
29, 19.6795
46, 19.6795
10, 19.68
75, 19.68
66, 19.6801
72, 19.6801
55, 19.6802
0, 19.6803
35, 19.6804
58, 19.6806
8, 19.6808
3, 19.681
71, 19.6811
22, 19.6812
78, 19.6815
45, 19.6817
2, 19.6819
51, 19.6819
11, 19.6821
13, 19.6824
68, 19.6827
60, 19.6832
59, 19.6836
62, 19.6837
14, 19.6839
26, 19.6841
76, 19.6843
70, 19.6845
34, 19.685
47, 19.6851
41, 19.6855
7, 19.6856
20, 19.6858
28, 19.6868
43, 19.6871
63, 19.6871
33, 19.6875
5, 19.6876
1, 19.688
40, 19.6894
56, 19.6898
23, 19.6899
71, 19.6905
61, 19.6907
30, 19.6909
15, 19.6912
53, 19.6912
74, 19.6912
25, 19.6913
17, 19.6915
18, 19.6917
50, 19.6917
16, 19.6918
24, 19.692
19, 19.6924
54, 19.6928
9, 19.6931
55, 19.6932
26, 19.6933
62, 19.6933
72, 19.6934
32, 19.6935
27, 19.6936
42, 19.6937
12, 19.6938
6, 19.6939
58, 19.6939
65, 19.6944
75, 19.6946
35, 19.6947
46, 19.695
60, 19.6953
77, 19.6955
4, 19.6957
41, 19.6957
45, 19.6957
21, 19.6958
48, 19.6958
39, 19.6959
37, 19.696
44, 19.6964
47, 19.6964
63, 19.6964
79, 19.6964
38, 19.6965
10, 19.6967
66, 19.6967
49, 19.6973
67, 19.6975
78, 19.6976
8, 19.6979
22, 19.6979
29, 19.6982
5, 19.6983
68, 19.6985
11, 19.6992
13, 19.6992
51, 19.6993
1, 19.6994
64, 19.6995
20, 19.6996
52, 19.6997
57, 19.6998
2, 19.6999
3, 19.6999
69, 19.7002
34, 19.7005
28, 19.7006
76, 19.7006
31, 19.7007
56, 19.7007
65, 19.7007
74, 19.701
19, 19.7011
0, 19.7017
18, 19.7017
7, 19.7019
15, 19.7019
40, 19.7019
62, 19.702
36, 19.7022
73, 19.7024
70, 19.7025
32, 19.7027
63, 19.7033
16, 19.7034
23, 19.7034
59, 19.7037
26, 19.7041
30, 19.7041
39, 19.7046
10, 19.7051
61, 19.7054
45, 19.7056
41, 19.7057
42, 19.7057
43, 19.7061
77, 19.7062
12, 19.7065
27, 19.7067
68, 19.7069
9, 19.7071
71, 19.7074
6, 19.7078
78, 19.7087
46, 19.7098
4, 19.7099
60, 19.7101
79, 19.7102
47, 19.7106
57, 19.7108
8, 19.711
15, 19.7115
55, 19.7115
24, 19.7116
21, 19.7119
67, 19.7119
51, 19.7121
50, 19.7125
37, 19.7126
54, 19.7126
31, 19.7127
64, 19.7131
74, 19.7131
48, 19.7133
59, 19.7133
13, 19.7134
38, 19.7134
58, 19.7135
75, 19.7135
17, 19.7138
52, 19.7139
61, 19.714
3, 19.7141
14, 19.7141
33, 19.7141
29, 19.7144
49, 19.7145
70, 19.7148
5, 19.7156
56, 19.7158
11, 19.7159
40, 19.7164
25, 19.7165
28, 19.7188
44, 19.7193
45, 19.7193
23, 19.7194
19, 19.7201
55, 19.721
10, 19.7211
35, 19.7218
12, 19.722
18, 19.7223
9, 19.7224
57, 19.7226
30, 19.723
8, 19.7231
22, 19.7233
68, 19.7234
20, 19.7236
42, 19.7236
43, 19.7236
15, 19.7238
63, 19.724
75, 19.7242
31, 19.7244
24, 19.7245
34, 19.7245
7, 19.7246
1, 19.725
4, 19.7251
41, 19.7251
5, 19.7252
39, 19.7253
60, 19.7253
62, 19.7254
40, 19.7257
0, 19.7258
36, 19.7258
14, 19.726
67, 19.726
21, 19.7267
49, 19.7267
77, 19.7269
13, 19.727
32, 19.7271
72, 19.7273
79, 19.7273
52, 19.7276
26, 19.7279
69, 19.728
47, 19.7283
50, 19.7283
73, 19.7283
58, 19.7285
64, 19.7286
37, 19.7287
38, 19.729
48, 19.729
51, 19.7292
29, 19.7294
28, 19.7296
10, 19.7297
27, 19.7297
33, 19.7297
59, 19.7298
66, 19.7298
6, 19.7304
8, 19.7313
25, 19.7314
61, 19.7315
65, 19.7319
22, 19.7323
12, 19.7324
16, 19.7327
42, 19.7332
44, 19.7335
31, 19.7338
62, 19.7347
71, 19.7349
76, 19.7349
9, 19.7352
30, 19.7355
70, 19.7356
34, 19.7357
56, 19.7358
54, 19.7361
53, 19.7363
41, 19.7367
3, 19.737
55, 19.7375
57, 19.7375
23, 19.7377
78, 19.7377
38, 19.7378
15, 19.7381
46, 19.7382
60, 19.7382
7, 19.7387
1, 19.7388
67, 19.7388
69, 19.7388
74, 19.7389
77, 19.739
68, 19.7392
72, 19.7392
63, 19.7393
13, 19.7394
79, 19.7394
43, 19.7396
66, 19.7398
0, 19.74
39, 19.74
52, 19.7401
4, 19.7402
17, 19.7402
37, 19.7403
28, 19.7404
26, 19.7405
59, 19.7409
25, 19.741
64, 19.741
10, 19.7412
24, 19.7413
11, 19.7415
32, 19.7415
50, 19.7416
40, 19.7417
45, 19.7418
5, 19.7419
61, 19.7419
2, 19.7421
29, 19.7421
19, 19.7425
22, 19.7425
48, 19.7425
21, 19.7426
18, 19.7427
73, 19.7429
8, 19.7432
75, 19.7432
27, 19.7434
31, 19.7434
51, 19.7436
55, 19.7436
54, 19.7437
65, 19.7437
44, 19.7439
71, 19.7441
70, 19.7442
33, 19.7444
35, 19.7444
14, 19.7445
30, 19.7445
20, 19.745
58, 19.7451
60, 19.7453
76, 19.7453
49, 19.7454
62, 19.7457
47, 19.7458
7, 19.7459
38, 19.7459
3, 19.7461
34, 19.7461
1, 19.7465
56, 19.7467
53, 19.747
72, 19.7472
9, 19.7475
64, 19.7476
36, 19.7479
57, 19.7484
66, 19.7485
77, 19.7493
23, 19.7494
12, 19.7495
67, 19.7497
69, 19.75
25, 19.7504
46, 19.7507
15, 19.7513
63, 19.7513
5, 19.7515
0, 19.7528
73, 19.7534
78, 19.7542
70, 19.7543
17, 19.7544
50, 19.7549
28, 19.7553
32, 19.7554
41, 19.7554
60, 19.7562
42, 19.7565
16, 19.7566
6, 19.7567
29, 19.7568
20, 19.7571
57, 19.7576
45, 19.7582
43, 19.7587
22, 19.7592
52, 19.7595
3, 19.7598
40, 19.7604
71, 19.7606
37, 19.7607
65, 19.761
13, 19.7635
7, 19.7636
2, 19.7641
39, 19.7641
56, 19.7641
21, 19.7643
14, 19.7644
59, 19.7646
10, 19.7652
58, 19.7652
55, 19.7653
54, 19.7654
68, 19.7659
30, 19.7661
50, 19.7667
27, 19.7669
9, 19.767
76, 19.7676
11, 19.7677
35, 19.7677
0, 19.7698
38, 19.7699
53, 19.7701
61, 19.7701
19, 19.7705
63, 19.7705
47, 19.7717
51, 19.7721
46, 19.7723
64, 19.7728
22, 19.7733
77, 19.7736
74, 19.7746
28, 19.7759
1, 19.7763
34, 19.7777
73, 19.7783
31, 19.7784
65, 19.7787
45, 19.7791
24, 19.7793
30, 19.7798
78, 19.78
67, 19.7804
26, 19.781
17, 19.7819
48, 19.7824
57, 19.7824
69, 19.7829
19, 19.7831
5, 19.7832
29, 19.7832
49, 19.7833
38, 19.7842
36, 19.7846
66, 19.7848
75, 19.7849
63, 19.7853
44, 19.7855
37, 19.7858
61, 19.7859
6, 19.7861
70, 19.7861
15, 19.7863
32, 19.7863
58, 19.7864
11, 19.7866
46, 19.7871
12, 19.7874
10, 19.7875
1, 19.7876
71, 19.7882
60, 19.7886
40, 19.7887
42, 19.7888
43, 19.7888
72, 19.789
62, 19.7891
50, 19.7892
9, 19.7897
18, 19.7897
14, 19.7898
45, 19.7898
0, 19.7901
55, 19.7903
53, 19.7906
13, 19.7916
31, 19.7917
30, 19.7924
54, 19.7931
34, 19.7933
22, 19.7935
56, 19.7935
78, 19.7935
2, 19.7945
33, 19.7945
3, 19.7953
49, 19.7953
68, 19.7973
41, 19.7974
11, 19.7975
38, 19.7975
27, 19.7976
59, 19.7977
17, 19.7978
79, 19.7982
19, 19.7992
73, 19.7992
45, 19.801
32, 19.8011
51, 19.8012
12, 19.8015
26, 19.8015
46, 19.8015
64, 19.8017
63, 19.8024
47, 19.8028
76, 19.803
69, 19.8037
39, 19.8041
4, 19.8043
53, 19.8045
66, 19.8045
13, 19.8047
43, 19.8049
25, 19.8051
5, 19.8053
40, 19.8054
21, 19.8055
22, 19.8058
54, 19.8059
23, 19.8063
3, 19.8064
28, 19.8066
15, 19.8068
16, 19.8068
7, 19.8073
18, 19.8078
9, 19.8085
58, 19.8087
74, 19.8092
48, 19.8097
75, 19.8098
31, 19.8103
24, 19.8104
41, 19.8105
37, 19.8106
61, 19.8107
35, 19.8117
52, 19.8117
36, 19.8118
56, 19.8123
65, 19.8123
12, 19.8125
70, 19.8125
55, 19.8127
71, 19.8127
1, 19.8132
32, 19.8134
77, 19.8137
10, 19.8141
11, 19.8143
0, 19.8149
39, 19.8164
49, 19.8164
2, 19.8165
15, 19.8169
29, 19.8169
59, 19.8169
20, 19.817
14, 19.8175
44, 19.8178
8, 19.8186
67, 19.8187
58, 19.8189
57, 19.819
33, 19.8193
73, 19.8194
13, 19.8196
42, 19.8197
25, 19.8199
17, 19.8201
30, 19.8212
26, 19.8221
34, 19.8228
22, 19.8229
52, 19.8233
68, 19.8239
64, 19.824
54, 19.8242
4, 19.8247
60, 19.8248
45, 19.8249
23, 19.825
76, 19.8253
56, 19.8267
50, 19.8291
9, 19.8293
3, 19.8294
46, 19.8296
79, 19.8298
31, 19.83
20, 19.8302
63, 19.8303
61, 19.8305
67, 19.8306
62, 19.8308
70, 19.8312
78, 19.8315
7, 19.8321
77, 19.8329
6, 19.833
35, 19.8334
48, 19.8339
66, 19.8339
27, 19.8341
42, 19.8344
15, 19.8346
23, 19.8351
51, 19.8352
57, 19.8356
69, 19.8356
36, 19.8367
26, 19.8373
73, 19.8375
0, 19.8382
11, 19.8383
74, 19.8386
44, 19.8388
21, 19.8399
41, 19.8402
55, 19.8402
19, 19.8404
24, 19.8409
28, 19.8415
30, 19.8425
12, 19.8429
65, 19.8438
18, 19.8452
64, 19.8459
14, 19.8461
29, 19.8467
53, 19.8471
68, 19.8477
20, 19.8481
9, 19.8485
6, 19.8521
25, 19.8524
66, 19.853
37, 19.8532
45, 19.8533
3, 19.8534
21, 19.8541
8, 19.8543
11, 19.8545
63, 19.8551
5, 19.8553
47, 19.8555
50, 19.8556
30, 19.8559
31, 19.8563
42, 19.8574
36, 19.8576
13, 19.8583
39, 19.8595
79, 19.8595
49, 19.8601
69, 19.8616
52, 19.8621
22, 19.8622
29, 19.8626
43, 19.8631
0, 19.8675
41, 19.8675
62, 19.8683
72, 19.87
73, 19.8701
17, 19.8711
61, 19.8711
67, 19.8716
8, 19.8732
23, 19.8738
31, 19.8781
39, 19.8781
47, 19.8794
12, 19.8801
24, 19.8809
1, 19.8826
38, 19.8826
16, 19.8828
4, 19.8864
77, 19.8869
36, 19.8872
18, 19.8874
74, 19.8874
75, 19.8883
69, 19.8899
58, 19.89
41, 19.8911
24, 19.8914
54, 19.8915
79, 19.8915
55, 19.8917
14, 19.8918
20, 19.8922
39, 19.8926
21, 19.8927
63, 19.8928
57, 19.8934
9, 19.8935
48, 19.8935
53, 19.8937
72, 19.8939
28, 19.8944
68, 19.8947
44, 19.8948
76, 19.8952
66, 19.8962
59, 19.8968
25, 19.8969
22, 19.8982
6, 19.8992
46, 19.9002
8, 19.9003
0, 19.9004
7, 19.9004
26, 19.9004
13, 19.9007
62, 19.9007
73, 19.9018
16, 19.902
51, 19.9027
15, 19.9031
42, 19.9042
67, 19.9061
18, 19.9064
60, 19.907
23, 19.9078
41, 19.9078
10, 19.908
14, 19.9122
37, 19.9122
12, 19.9125
40, 19.913
3, 19.9139
44, 19.914
57, 19.9154
18, 19.916
29, 19.9166
47, 19.9172
65, 19.9177
2, 19.9182
64, 19.9183
30, 19.9196
53, 19.9199
24, 19.92
71, 19.9203
68, 19.9205
25, 19.9206
55, 19.9217
28, 19.9219
61, 19.9225
44, 19.9239
41, 19.9247
39, 19.9249
0, 19.9256
45, 19.9256
22, 19.9281
63, 19.9328
4, 19.935
0, 19.9404
57, 19.9414
30, 19.9443
26, 19.9455
73, 19.9495
79, 19.9495
74, 19.9519
43, 19.9528
23, 19.9531
53, 19.9531
52, 19.954
9, 19.9579
22, 19.9582
7, 19.9587
55, 19.9594
56, 19.9604
30, 19.9613
63, 19.9626
54, 19.9632
60, 19.9633
69, 19.9634
17, 19.964
13, 19.9656
64, 19.966
62, 19.9676
35, 19.9694
25, 19.9702
45, 19.9703
26, 19.9714
59, 19.9715
30, 19.973
48, 19.9751
19, 19.9764
4, 19.9791
37, 19.9834
28, 19.9855
75, 19.9876
13, 19.9888
57, 19.9935
60, 20.0004
61, 20.0013
0, 20.0046
34, 20.008
14, 20.009
47, 20.0092
58, 20.0166
1, 20.0221
72, 20.0304
36, 20.0313
9, 20.0375
44, 20.0463
42, 20.0513
35, 20.0594
7, 20.0803
20, 20.096
47, 20.1021
5, 20.1032
50, 20.1034
5, 20.1303
30, 20.1717
18, 20.185
59, 20.1974
19, 20.2275
56, 20.2626
73, 20.2698
34, 20.2834
34, 20.3324
38, 20.3581
56, 20.5026
57, 20.5211
7, 20.5242
78, 20.5794
54, 20.7069
24, 20.725
42, 20.7582
2, 21.0695
43, 21.0999
63, 21.3588
15, 21.3654
31, 21.4103
58, 21.5578
11, 21.6863
36, 21.6878
2, 21.725
32, 21.7498
10, 21.9133
40, 21.9652
50, 22.1034
51, 22.2325
44, 22.3054
15, 22.3277
2, 22.3461
47, 22.3522
25, 22.5034
19, 22.5457
24, 22.6753
3, 22.7169
59, 22.8051
21, 22.8331
20, 22.8679
30, 22.9826
32, 23.0144
4, 23.075
38, 23.0804
49, 23.0814
66, 23.0859
49, 23.1025
18, 23.1388
76, 23.1732
40, 23.3314
28, 23.3635
0, 23.4581
53, 23.5295
27, 23.5434
65, 23.612
21, 23.7352
37, 23.7761
41, 23.8829
5, 24.0764
43, 24.12
34, 24.126
73, 24.1735
33, 24.1848
23, 24.4361
11, 24.465
38, 24.5099
15, 24.5142
16, 24.5231
5, 24.5241
71, 24.5336
78, 24.5431
75, 24.5442
67, 24.5502
35, 24.553
4, 24.5546
71, 24.5582
61, 24.5585
9, 24.5593
27, 24.5609
52, 24.561
41, 24.5613
12, 24.562
38, 24.5622
64, 24.5623
75, 24.5625
51, 24.5644
32, 24.5716
62, 24.5742
10, 24.5759
24, 24.5768
18, 24.578
77, 24.5785
63, 24.5801
79, 24.5805
46, 24.5813
20, 24.5822
41, 24.5826
1, 24.5829
54, 24.5831
2, 24.5849
57, 24.5851
12, 24.5857
17, 24.5863
0, 24.5875
49, 24.5878
52, 24.5882
36, 24.5892
27, 24.5893
71, 24.5904
26, 24.5906
23, 24.5913
11, 24.5934
15, 24.5941
67, 24.597
3, 24.5973
43, 24.5982
59, 24.6001
19, 24.6007
47, 24.6007
2, 24.6013
40, 24.6015
60, 24.6022
64, 24.6024
27, 24.6032
63, 24.6056
32, 24.6063
54, 24.6077
39, 24.6078
45, 24.6081
4, 24.61
51, 24.6108
37, 24.6114
50, 24.6117
66, 24.6117
60, 24.612
9, 24.6123
70, 24.6128
43, 24.614
5, 24.6153
22, 24.6159
27, 24.6167
24, 24.6171
2, 24.6176
16, 24.6176
56, 24.6183
42, 24.6186
68, 24.6188
32, 24.619
57, 24.619
62, 24.619
61, 24.6199
69, 24.6207
23, 24.622
47, 24.6225
44, 24.6238
25, 24.6249
60, 24.625
18, 24.6251
11, 24.6261
6, 24.6265
17, 24.6275
12, 24.6276
10, 24.628
58, 24.6281
26, 24.6284
28, 24.6298
38, 24.6298
21, 24.6299
5, 24.6301
31, 24.631
65, 24.6313
43, 24.6324
50, 24.6331
18, 24.6333
77, 24.6334
46, 24.6337
41, 24.6338
24, 24.6342
64, 24.6345
7, 24.6346
9, 24.6346
59, 24.6348
54, 24.6351
0, 24.6353
30, 24.6355
44, 24.6361
72, 24.6361
16, 24.6366
73, 24.6367
49, 24.6376
10, 24.638
79, 24.6381
8, 24.6382
40, 24.639
76, 24.6393
6, 24.6396
32, 24.6401
39, 24.6402
13, 24.6413
57, 24.6421
27, 24.6429
55, 24.6431
42, 24.6434
23, 24.6436
67, 24.6438
62, 24.6443
77, 24.6445
11, 24.6448
26, 24.6451
61, 24.6452
58, 24.6457
35, 24.6462
20, 24.6464
56, 24.6465
75, 24.6468
48, 24.6469
43, 24.647
14, 24.6471
66, 24.6474
71, 24.6474
29, 24.6475
9, 24.6476
19, 24.6477
36, 24.6479
53, 24.6479
2, 24.6481
16, 24.6482
28, 24.6483
64, 24.6483
8, 24.6484
78, 24.6487
12, 24.6488
74, 24.6488
51, 24.6493
3, 24.6495
4, 24.6497
37, 24.65
0, 24.6503
15, 24.6504
41, 24.6509
54, 24.6513
69, 24.6513
10, 24.6517
24, 24.6522
45, 24.6522
68, 24.6523
46, 24.6524
21, 24.6525
52, 24.6525
22, 24.6527
30, 24.653
33, 24.6531
11, 24.6536
77, 24.6538
42, 24.654
17, 24.6543
65, 24.6545
7, 24.6549
26, 24.6556
57, 24.6556
58, 24.6556
23, 24.6557
31, 24.6567
44, 24.6573
40, 24.6583
60, 24.6593
34, 24.6594
35, 24.6595
78, 24.6599
13, 24.66
20, 24.66
18, 24.661
72, 24.661
79, 24.661
1, 24.6621
56, 24.6629
0, 24.663
67, 24.6631
55, 24.6632
53, 24.6633
14, 24.6638
43, 24.664
8, 24.6642
51, 24.6643
75, 24.6644
6, 24.6646
25, 24.6646
21, 24.6651
71, 24.6652
27, 24.6658
64, 24.6659
11, 24.666
32, 24.666
5, 24.6662
2, 24.6665
36, 24.6668
48, 24.667
59, 24.6673
41, 24.6676
39, 24.6678
29, 24.668
30, 24.6682
3, 24.6684
12, 24.6684
76, 24.6684
9, 24.6689
37, 24.6691
42, 24.6691
68, 24.6692
19, 24.6697
15, 24.6698
65, 24.6699
69, 24.6701
61, 24.6702
31, 24.6703
18, 24.6705
24, 24.6705
58, 24.6705
74, 24.6707
46, 24.6708
70, 24.6708
63, 24.6709
73, 24.671
79, 24.6711
78, 24.6713
22, 24.6716
35, 24.6717
49, 24.6718
62, 24.6721
16, 24.6722
55, 24.6722
33, 24.6726
60, 24.6727
0, 24.6729
66, 24.673
1, 24.6732
54, 24.6735
8, 24.6736
38, 24.6736
71, 24.6736
4, 24.6743
67, 24.6743
14, 24.6744
43, 24.6746
72, 24.6747
25, 24.6749
2, 24.675
56, 24.675
45, 24.6751
47, 24.6751
34, 24.6752
11, 24.6753
7, 24.6754
21, 24.6754
26, 24.6755
5, 24.6756
40, 24.6757
28, 24.6758
6, 24.6759
17, 24.6766
53, 24.6767
51, 24.6769
13, 24.6772
70, 24.6773
30, 24.678
74, 24.6787
58, 24.6796
23, 24.6813
3, 24.6815
15, 24.6817
55, 24.6824
10, 24.6825
12, 24.6825
32, 24.6828
76, 24.6828
28, 24.6833
33, 24.6833
42, 24.6833
44, 24.6833
67, 24.6833
75, 24.6833
77, 24.6833
27, 24.6835
9, 24.6837
18, 24.6838
29, 24.6839
60, 24.6841
50, 24.6842
62, 24.6842
49, 24.6843
61, 24.6843
36, 24.6845
37, 24.6847
66, 24.6847
69, 24.6847
73, 24.6847
47, 24.6848
46, 24.6849
52, 24.6849
39, 24.685
59, 24.685
0, 24.6851
19, 24.6852
31, 24.6852
6, 24.6856
48, 24.6856
78, 24.6863
1, 24.6864
20, 24.6867
2, 24.6869
30, 24.6869
68, 24.6871
45, 24.6874
13, 24.6875
7, 24.6877
16, 24.6878
40, 24.688
63, 24.688
72, 24.688
14, 24.6881
38, 24.6887
26, 24.6889
17, 24.689
57, 24.6891
24, 24.6893
41, 24.6894
71, 24.69
64, 24.6901
76, 24.6901
25, 24.6905
56, 24.6911
10, 24.6917
70, 24.6927
49, 24.693
65, 24.6931
11, 24.6932
23, 24.6939
22, 24.6944
43, 24.6947
53, 24.6947
6, 24.6948
15, 24.6951
35, 24.6954
3, 24.6956
55, 24.6958
5, 24.696
21, 24.6963
44, 24.6964
51, 24.697
68, 24.6974
61, 24.6978
74, 24.6981
42, 24.6982
45, 24.6983
7, 24.6985
27, 24.6986
33, 24.6986
19, 24.699
79, 24.699
14, 24.6994
2, 24.6996
56, 24.6997
48, 24.7002
20, 24.7003
50, 24.7003
28, 24.7005
52, 24.7007
30, 24.701
13, 24.7011
59, 24.7011
66, 24.7014
1, 24.7016
18, 24.702
75, 24.7022
17, 24.7023
38, 24.7024
69, 24.7028
78, 24.703
62, 24.7031
72, 24.7033
12, 24.7034
32, 24.7034
43, 24.7037
55, 24.704
40, 24.7045
71, 24.7046
47, 24.7048
10, 24.7049
29, 24.7051
31, 24.7052
53, 24.7053
41, 24.7056
15, 24.7058
46, 24.7064
23, 24.7066
58, 24.7066
0, 24.7069
5, 24.7072
6, 24.7074
76, 24.7075
24, 24.7077
70, 24.7078
9, 24.7079
39, 24.7079
54, 24.7079
57, 24.7081
21, 24.7082
35, 24.7082
7, 24.7083
26, 24.7083
44, 24.7083
64, 24.7083
73, 24.7084
16, 24.7086
37, 24.7086
1, 24.7091
20, 24.7091
36, 24.7091
56, 24.7092
60, 24.7096
67, 24.7099
14, 24.7101
62, 24.7101
4, 24.7105
19, 24.7108
51, 24.7111
63, 24.7111
68, 24.7111
11, 24.7112
52, 24.7112
65, 24.7113
3, 24.7114
34, 24.7114
30, 24.7117
22, 24.7119
33, 24.7119
48, 24.7119
45, 24.7122
25, 24.7125
61, 24.7127
59, 24.713
18, 24.7138
74, 24.7143
29, 24.7144
13, 24.7145
2, 24.7148
9, 24.7148
40, 24.7148
41, 24.7148
43, 24.7148
75, 24.7148
8, 24.7149
49, 24.7149
10, 24.715
17, 24.7151
55, 24.7152
27, 24.7156
70, 24.7157
77, 24.7158
78, 24.716
79, 24.716
31, 24.7162
50, 24.7162
69, 24.7162
57, 24.7164
15, 24.7165
42, 24.7166
71, 24.7166
66, 24.717
32, 24.7178
64, 24.718
72, 24.7181
36, 24.7183
0, 24.7184
23, 24.7188
46, 24.7188
20, 24.719
58, 24.7191
39, 24.7192
6, 24.7193
21, 24.7194
14, 24.7195
5, 24.7199
30, 24.7199
4, 24.7205
7, 24.7206
12, 24.7209
54, 24.7209
28, 24.7212
68, 24.7212
38, 24.7213
19, 24.7215
62, 24.7216
41, 24.7217
11, 24.7219
56, 24.7219
74, 24.7223
37, 24.7225
61, 24.7226
73, 24.7226
51, 24.723
9, 24.7231
47, 24.7237
60, 24.7239
59, 24.7241
24, 24.7243
25, 24.7245
70, 24.7246
46, 24.7249
13, 24.725
57, 24.725
76, 24.7252
63, 24.7253
17, 24.7257
8, 24.7258
53, 24.7258
29, 24.7259
44, 24.7259
26, 24.7264
39, 24.7264
65, 24.7267
22, 24.7273
2, 24.7275
48, 24.7282
33, 24.7283
45, 24.7289
77, 24.7289
34, 24.729
49, 24.7292
10, 24.7299
18, 24.7305
4, 24.7308
27, 24.7309
58, 24.7309
38, 24.7311
40, 24.7312
36, 24.7313
69, 24.7317
32, 24.7318
28, 24.7319
12, 24.7321
35, 24.7322
52, 24.7323
43, 24.7324
11, 24.7328
66, 24.7329
74, 24.7331
75, 24.7331
9, 24.7336
79, 24.7338
57, 24.7339
67, 24.7339
25, 24.7342
42, 24.7342
16, 24.7343
23, 24.7345
19, 24.735
41, 24.735
72, 24.7353
37, 24.7356
61, 24.7357
68, 24.7358
31, 24.736
13, 24.7361
21, 24.7361
47, 24.7364
1, 24.7365
17, 24.7366
64, 24.737
7, 24.7375
34, 24.738
56, 24.738
62, 24.738
24, 24.7381
53, 24.7383
71, 24.7383
20, 24.7388
6, 24.7391
60, 24.7392
77, 24.7393
10, 24.7395
29, 24.7396
63, 24.7396
70, 24.7396
45, 24.7402
44, 24.7404
0, 24.7405
12, 24.7411
26, 24.7413
49, 24.7413
2, 24.7414
79, 24.7414
15, 24.7416
78, 24.7416
55, 24.7419
30, 24.742
27, 24.7421
22, 24.7423
33, 24.7427
51, 24.7429
54, 24.7429
5, 24.7431
18, 24.7432
35, 24.7432
39, 24.7432
46, 24.7434
23, 24.7435
3, 24.7437
1, 24.7439
14, 24.7439
17, 24.744
75, 24.744
58, 24.7441
76, 24.7441
19, 24.7442
38, 24.7444
65, 24.7444
8, 24.7446
69, 24.7446
32, 24.7447
42, 24.7448
73, 24.745
57, 24.7454
77, 24.7458
47, 24.7459
36, 24.7462
48, 24.7462
66, 24.7464
67, 24.7469
11, 24.7472
43, 24.7474
20, 24.7475
56, 24.7475
13, 24.7476
37, 24.748
24, 24.7483
71, 24.7485
4, 24.7487
34, 24.7493
55, 24.7493
7, 24.7496
64, 24.7496
74, 24.7498
52, 24.75
60, 24.7504
33, 24.7506
63, 24.7508
62, 24.7509
59, 24.751
19, 24.7513
25, 24.7514
10, 24.7519
53, 24.7524
44, 24.7526
75, 24.753
49, 24.7534
9, 24.7538
27, 24.7538
16, 24.7539
42, 24.7539
8, 24.754
58, 24.7541
29, 24.7549
12, 24.755
15, 24.7552
26, 24.7553
6, 24.7554
40, 24.7556
30, 24.7557
65, 24.7559
32, 24.756
79, 24.7561
35, 24.7566
0, 24.7567
31, 24.7567
41, 24.7567
39, 24.7568
20, 24.7576
61, 24.7583
18, 24.7592
50, 24.7593
38, 24.7595
51, 24.7603
72, 24.7604
46, 24.7608
57, 24.7608
22, 24.761
47, 24.7611
24, 24.7614
63, 24.7615
36, 24.7622
77, 24.7628
23, 24.7633
2, 24.7636
64, 24.7645
39, 24.7646
11, 24.7648
28, 24.7649
26, 24.7658
48, 24.7659
66, 24.7659
65, 24.7661
30, 24.7664
53, 24.7695
52, 24.77
37, 24.7727
43, 24.7732
14, 24.7742
9, 24.7763
25, 24.7766
61, 24.7766
46, 24.7767
1, 24.7774
0, 24.7795
57, 24.7805
3, 24.7829
10, 24.7836
45, 24.7837
7, 24.7842
50, 24.7843
5, 24.7847
21, 24.7847
36, 24.7848
72, 24.7848
64, 24.7849
48, 24.785
15, 24.7852
29, 24.7853
54, 24.7854
62, 24.7854
25, 24.7855
56, 24.7855
17, 24.7858
59, 24.7858
68, 24.7859
60, 24.786
58, 24.7864
4, 24.7866
6, 24.7866
70, 24.7867
2, 24.7876
47, 24.7877
22, 24.7878
51, 24.788
73, 24.788
31, 24.7881
40, 24.7887
9, 24.7888
30, 24.7892
55, 24.7896
16, 24.7902
63, 24.7906
65, 24.7917
66, 24.7922
78, 24.7922
37, 24.7928
53, 24.7938
61, 24.7939
32, 24.794
76, 24.7941
1, 24.7946
49, 24.7947
69, 24.7948
22, 24.797
15, 24.7982
68, 24.7986
23, 24.7988
42, 24.7989
58, 24.7998
19, 24.8001
38, 24.8005
79, 24.8006
11, 24.8009
20, 24.8019
70, 24.802
56, 24.8039
45, 24.804
13, 24.8051
59, 24.8059
33, 24.8073
32, 24.808
10, 24.8083
31, 24.809
51, 24.8095
47, 24.8096
26, 24.8102
74, 24.8102
44, 24.8108
62, 24.8122
79, 24.8124
55, 24.8134
54, 24.8137
16, 24.8138
50, 24.8149
6, 24.8155
52, 24.8163
9, 24.8164
65, 24.8164
11, 24.8171
34, 24.8179
66, 24.8182
39, 24.8183
72, 24.8186
17, 24.8189
57, 24.8193
4, 24.8194
42, 24.8196
48, 24.8199
37, 24.8201
36, 24.8208
15, 24.8219
27, 24.8226
78, 24.8234
75, 24.8241
1, 24.8248
12, 24.8257
21, 24.8262
56, 24.8271
33, 24.8274
49, 24.8275
31, 24.8278
2, 24.8281
62, 24.8282
30, 24.8283
52, 24.8283
69, 24.8283
25, 24.8284
0, 24.8285
76, 24.8288
20, 24.8289
38, 24.8293
41, 24.8294
5, 24.8299
24, 24.8299
34, 24.83
8, 24.8301
22, 24.8306
28, 24.8309
68, 24.831
40, 24.8311
14, 24.8314
51, 24.8318
73, 24.8319
53, 24.8322
44, 24.8346
18, 24.835
63, 24.8367
60, 24.8373
16, 24.8374
4, 24.838
21, 24.8381
7, 24.8385
54, 24.8385
58, 24.8391
71, 24.8392
45, 24.8398
3, 24.8404
56, 24.8404
37, 24.841
12, 24.842
13, 24.8437
49, 24.8443
15, 24.8446
9, 24.8447
22, 24.8447
1, 24.8456
43, 24.8486
26, 24.8491
76, 24.8498
72, 24.8518
20, 24.8525
54, 24.8547
47, 24.8549
48, 24.8572
40, 24.8574
39, 24.8578
36, 24.8595
24, 24.86
22, 24.8604
67, 24.861
79, 24.8613
14, 24.8615
23, 24.8618
19, 24.8621
66, 24.8628
68, 24.8631
16, 24.8649
75, 24.8654
65, 24.8667
59, 24.8688
64, 24.8696
55, 24.87
61, 24.8702
0, 24.8725
50, 24.8725
33, 24.8726
77, 24.8726
73, 24.8728
4, 24.873
34, 24.874
74, 24.8744
41, 24.8745
69, 24.8749
29, 24.8752
48, 24.8752
16, 24.8755
52, 24.8758
43, 24.876
37, 24.8761
39, 24.8764
28, 24.8766
71, 24.8768
1, 24.877
12, 24.877
57, 24.8774
76, 24.8783
63, 24.8784
2, 24.8787
35, 24.8795
78, 24.8797
70, 24.8803
36, 24.881
25, 24.8812
67, 24.8813
24, 24.8818
21, 24.882
7, 24.8821
20, 24.8825
13, 24.8834
3, 24.8836
27, 24.884
30, 24.8843
51, 24.8843
15, 24.8845
22, 24.8852
79, 24.8852
19, 24.8856
45, 24.8857
58, 24.8857
40, 24.8859
46, 24.8859
49, 24.8867
72, 24.8869
75, 24.887
47, 24.8873
31, 24.8876
53, 24.8878
62, 24.8879
66, 24.888
8, 24.889
41, 24.8894
54, 24.8895
34, 24.8898
55, 24.8904
32, 24.8905
42, 24.8905
13, 24.8909
65, 24.891
71, 24.8914
68, 24.8917
28, 24.892
64, 24.8921
4, 24.8924
11, 24.8925
56, 24.893
59, 24.8932
23, 24.8939
36, 24.8947
33, 24.8949
6, 24.8953
17, 24.8982
77, 24.8996
69, 24.9004
24, 24.9009
78, 24.9013
19, 24.9019
54, 24.9037
37, 24.9049
10, 24.9065
46, 24.9068
15, 24.9073
7, 24.9074
49, 24.9075
55, 24.9077
20, 24.908
27, 24.9092
50, 24.9103
79, 24.9108
18, 24.9109
31, 24.9111
56, 24.9119
1, 24.9123
16, 24.9123
41, 24.9127
63, 24.9127
67, 24.9128
60, 24.9131
3, 24.9138
65, 24.9139
21, 24.9147
76, 24.915
73, 24.9156
54, 24.9158
22, 24.9162
24, 24.9172
13, 24.9184
40, 24.9187
2, 24.9189
69, 24.919
78, 24.9192
64, 24.9195
52, 24.9216
77, 24.9217
17, 24.9223
58, 24.9233
68, 24.9235
0, 24.9237
28, 24.9239
59, 24.9246
29, 24.9269
6, 24.9277
25, 24.9279
11, 24.9282
22, 24.9289
45, 24.9292
67, 24.9319
42, 24.9324
12, 24.9332
24, 24.9339
43, 24.9352
30, 24.9353
79, 24.9362
54, 24.9374
9, 24.9388
69, 24.9395
16, 24.9412
71, 24.9415
48, 24.9416
25, 24.9421
27, 24.9423
52, 24.9427
21, 24.9432
8, 24.9433
39, 24.9441
47, 24.9444
6, 24.9453
74, 24.9463
60, 24.9464
32, 24.9469
38, 24.9471
56, 24.9471
59, 24.9472
49, 24.9474
76, 24.9477
3, 24.9478
73, 24.9478
72, 24.948
61, 24.9481
17, 24.9491
4, 24.9498
43, 24.9534
62, 24.9534
9, 24.955
40, 24.9575
42, 24.959
21, 24.9607
70, 24.9625
50, 24.9629
6, 24.965
15, 24.9658
57, 24.9669
44, 24.967
77, 24.9677
31, 24.968
66, 24.9687
19, 24.9698
46, 24.97
56, 24.9703
71, 24.9706
39, 24.9709
33, 24.9737
75, 24.974
26, 24.9747
12, 24.9759
16, 24.9773
38, 24.9775
1, 24.978
59, 24.9791
49, 24.9806
69, 24.981
39, 24.9824
13, 24.9828
52, 24.9828
28, 24.9831
62, 24.9832
68, 24.9832
55, 24.9837
53, 24.984
40, 24.9846
70, 24.9847
67, 24.9851
78, 24.9851
4, 24.9866
73, 24.9876
21, 24.9881
42, 24.9881
31, 24.9882
48, 24.9886
61, 24.9893
10, 24.9894
23, 24.9896
41, 24.99
12, 24.9901
54, 24.9902
24, 24.9904
32, 24.9905
46, 24.9911
0, 24.9924
22, 24.9931
20, 24.9933
77, 24.9951
1, 24.9954
45, 24.9954
34, 24.9957
64, 24.9965
15, 24.997
44, 24.997
76, 24.9973
18, 24.9978
33, 24.9981
50, 24.9986
13, 24.9999
65, 25.0016
70, 25.003
56, 25.0036
73, 25.0036
52, 25.0039
14, 25.004
36, 25.0042
17, 25.0053
59, 25.0054
0, 25.0067
16, 25.007
9, 25.0077
5, 25.008
38, 25.0084
43, 25.0085
4, 25.0086
71, 25.0092
72, 25.0098
21, 25.01
2, 25.0102
42, 25.0105
3, 25.0107
27, 25.0107
23, 25.0108
19, 25.012
39, 25.012
37, 25.0122
8, 25.0128
12, 25.0136
40, 25.0136
33, 25.0143
28, 25.0149
17, 25.0151
68, 25.0151
57, 25.016
26, 25.0163
30, 25.0163
48, 25.0163
53, 25.0163
77, 25.0167
31, 25.0173
63, 25.0173
78, 25.0173
79, 25.0173
6, 25.0176
36, 25.0182
64, 25.0188
7, 25.0194
55, 25.0197
58, 25.0198
75, 25.0203
61, 25.0213
60, 25.022
17, 25.0222
9, 25.0232
20, 25.0232
65, 25.0237
18, 25.0238
46, 25.0247
44, 25.0248
66, 25.0249
11, 25.0251
41, 25.0251
13, 25.0252
25, 25.0252
27, 25.026
56, 25.0265
70, 25.0266
49, 25.0269
64, 25.0273
67, 25.0274
77, 25.0274
16, 25.0278
71, 25.0281
34, 25.0282
52, 25.0288
32, 25.0295
15, 25.0296
4, 25.03
7, 25.0304
45, 25.0306
59, 25.0306
38, 25.0308
42, 25.0311
78, 25.0314
0, 25.0317
72, 25.032
73, 25.0322
43, 25.0326
75, 25.0327
30, 25.033
54, 25.0331
79, 25.0334
1, 25.0335
2, 25.0338
24, 25.0338
22, 25.0343
51, 25.0345
9, 25.0356
21, 25.0358
31, 25.0368
67, 25.0372
47, 25.0374
50, 25.0382
13, 25.0383
29, 25.0386
63, 25.0387
28, 25.0391
55, 25.0395
40, 25.0401
69, 25.0401
6, 25.0402
23, 25.0403
66, 25.0403
36, 25.0412
25, 25.0416
26, 25.0416
12, 25.0417
56, 25.0427
49, 25.043
60, 25.0432
8, 25.0439
35, 25.0439
57, 25.0439
1, 25.0441
44, 25.0442
5, 25.0443
27, 25.0448
71, 25.0451
4, 25.0452
65, 25.0452
18, 25.0456
20, 25.0456
58, 25.0456
68, 25.0457
70, 25.0458
54, 25.046
39, 25.0461
53, 25.0462
34, 25.0463
32, 25.0464
11, 25.0469
37, 25.0471
48, 25.0474
76, 25.0474
43, 25.0481
45, 25.0481
46, 25.0493
0, 25.0499
6, 25.0499
19, 25.0499
10, 25.0501
15, 25.0507
24, 25.0508
47, 25.051
41, 25.0511
77, 25.0512
14, 25.0517
72, 25.0521
74, 25.0548
40, 25.0553
62, 25.0556
63, 25.0558
27, 25.0559
3, 25.0569
7, 25.0572
79, 25.0575
78, 25.0577
57, 25.058
16, 25.0581
32, 25.0582
31, 25.0585
68, 25.0587
33, 25.0588
28, 25.0589
75, 25.059
1, 25.0591
50, 25.0595
73, 25.0599
51, 25.0601
18, 25.0602
8, 25.0609
26, 25.0609
12, 25.0619
21, 25.0622
43, 25.0623
17, 25.0625
0, 25.0632
66, 25.0643
20, 25.0656
47, 25.0657
56, 25.0658
35, 25.0659
42, 25.0661
37, 25.068
71, 25.0689
19, 25.0693
22, 25.0694
32, 25.0707
49, 25.0713
67, 25.0713
29, 25.0718
41, 25.0719
59, 25.072
30, 25.0722
77, 25.0722
23, 25.0725
74, 25.0727
58, 25.0729
9, 25.0732
15, 25.0734
61, 25.0736
72, 25.0754
51, 25.0757
25, 25.0762
70, 25.0764
56, 25.0774
73, 25.0778
57, 25.078
64, 25.0784
22, 25.0792
16, 25.0798
27, 25.0798
68, 25.0802
45, 25.0822
18, 25.0825
34, 25.0825
59, 25.0839
63, 25.0861
74, 25.0867
76, 25.087
66, 25.0871
78, 25.0875
8, 25.0879
26, 25.0893
48, 25.0893
4, 25.0896
65, 25.0903
19, 25.0904
2, 25.0905
49, 25.0906
14, 25.0925
45, 25.0926
42, 25.0929
36, 25.0936
18, 25.0952
47, 25.0957
68, 25.0959
71, 25.0961
40, 25.0962
1, 25.0963
30, 25.0979
75, 25.0992
50, 25.0996
10, 25.1001
23, 25.1018
70, 25.1024
13, 25.1028
74, 25.1029
57, 25.1038
72, 25.1039
52, 25.104
35, 25.1044
38, 25.1044
32, 25.105
27, 25.106
62, 25.1061
3, 25.1064
17, 25.1068
65, 25.1069
14, 25.1085
58, 25.1086
21, 25.1088
6, 25.109
49, 25.1095
64, 25.1096
5, 25.1097
54, 25.1097
18, 25.1098
43, 25.1104
10, 25.1105
0, 25.1111
39, 25.1112
73, 25.1118
2, 25.1121
40, 25.1121
7, 25.1126
41, 25.1133
44, 25.1133
19, 25.1138
37, 25.1149
66, 25.1149
12, 25.1154
11, 25.1158
15, 25.1162
68, 25.1167
29, 25.1171
9, 25.1174
36, 25.1176
45, 25.118
51, 25.1186
56, 25.1191
76, 25.1202
5, 25.1206
55, 25.1213
53, 25.1221
59, 25.1224
63, 25.1226
20, 25.1228
58, 25.124
70, 25.1243
24, 25.1248
49, 25.1254
1, 25.1257
2, 25.1259
72, 25.1262
21, 25.1263
57, 25.1264
31, 25.1265
75, 25.1268
52, 25.1272
46, 25.1273
4, 25.1282
14, 25.1282
48, 25.1285
32, 25.1294
79, 25.1326
19, 25.1332
42, 25.1337
61, 25.1408
78, 25.1411
30, 25.1412
68, 25.1438
58, 25.1453
38, 25.1477
70, 25.1489
43, 25.1507
16, 25.1522
34, 25.1523
54, 25.1564
36, 25.1571
35, 25.1587
62, 25.1609
39, 25.1622
78, 25.164
60, 25.1649
51, 25.166
19, 25.1662
17, 25.1664
9, 25.1668
7, 25.1694
11, 25.1695
53, 25.1708
77, 25.171
41, 25.1722
40, 25.1743
27, 25.1759
73, 25.1759
68, 25.1763
63, 25.1785
26, 25.1787
74, 25.1792
57, 25.1794
22, 25.1815
24, 25.1824
44, 25.1836
28, 25.185
76, 25.1859
42, 25.1868
43, 25.187
13, 25.1873
36, 25.1877
61, 25.188
41, 25.1885
39, 25.1893
6, 25.1901
46, 25.1909
25, 25.1913
56, 25.1913
4, 25.1927
50, 25.1942
49, 25.1945
32, 25.1951
59, 25.1955
30, 25.1959
77, 25.1964
53, 25.1968
13, 25.1975
18, 25.1983
34, 25.1986
21, 25.1987
10, 25.1988
33, 25.1993
47, 25.2002
35, 25.2009
38, 25.2011
52, 25.2011
39, 25.2021
42, 25.2023
7, 25.203
27, 25.2032
45, 25.2033
14, 25.2054
46, 25.2054
63, 25.2054
62, 25.2084
31, 25.2086
35, 25.2087
55, 25.209
20, 25.2091
32, 25.2161
37, 25.2183
49, 25.2184
0, 25.2194
9, 25.2196
68, 25.2206
62, 25.2209
39, 25.222
40, 25.2234
11, 25.224
70, 25.2252
16, 25.2258
13, 25.2262
79, 25.2268
46, 25.2273
75, 25.2274
42, 25.2281
57, 25.2283
18, 25.2285
34, 25.2293
41, 25.2295
71, 25.2307
65, 25.2312
64, 25.2327
4, 25.2329
5, 25.2349
3, 25.2356
6, 25.2359
23, 25.237
17, 25.2387
21, 25.242
51, 25.244
8, 25.2441
24, 25.2444
48, 25.2453
2, 25.2465
43, 25.2484
22, 25.2491
53, 25.2543
46, 25.2552
39, 25.2564
55, 25.2579
45, 25.259
10, 25.2601
49, 25.2606
36, 25.2611
50, 25.2638
67, 25.2662
27, 25.267
64, 25.267
21, 25.2679
3, 25.2691
35, 25.2694
2, 25.2697
63, 25.2709
4, 25.2711
59, 25.2717
29, 25.2718
23, 25.2719
0, 25.2724
44, 25.2728
60, 25.275
28, 25.2752
75, 25.2779
12, 25.279
18, 25.2803
5, 25.2807
62, 25.281
13, 25.2821
38, 25.2824
48, 25.2844
74, 25.2848
42, 25.2849
16, 25.286
40, 25.2869
54, 25.2874
20, 25.2876
34, 25.2888
79, 25.2892
51, 25.29
68, 25.2906
8, 25.2907
24, 25.2915
30, 25.2918
4, 25.2919
60, 25.2922
58, 25.2928
15, 25.2945
52, 25.2958
61, 25.2965
26, 25.2967
19, 25.2969
55, 25.2975
17, 25.2988
62, 25.2989
32, 25.299
45, 25.302
14, 25.3026
33, 25.3027
25, 25.3029
37, 25.3033
71, 25.3043
28, 25.3052
18, 25.3054
7, 25.3055
35, 25.3056
56, 25.3058
21, 25.3062
29, 25.3071
40, 25.3073
54, 25.3074
70, 25.3086
41, 25.3121
76, 25.3126
9, 25.316
6, 25.3162
31, 25.3168
45, 25.3169
47, 25.318
16, 25.3185
2, 25.3219
65, 25.3231
27, 25.3234
48, 25.3234
55, 25.3248
61, 25.3257
11, 25.3261
51, 25.3264
14, 25.3266
35, 25.3266
71, 25.3289
30, 25.3299
22, 25.3303
3, 25.3311
13, 25.3324
1, 25.3326
39, 25.3326
37, 25.3335
41, 25.3342
62, 25.3345
67, 25.3347
7, 25.3348
33, 25.3348
5, 25.335
63, 25.3352
34, 25.3355
64, 25.3357
11, 25.3361
69, 25.3374
61, 25.3383
79, 25.3384
24, 25.3385
10, 25.3394
6, 25.3402
49, 25.3405
35, 25.3408
78, 25.3409
17, 25.3415
52, 25.3416
46, 25.3425
12, 25.3426
14, 25.343
31, 25.343
19, 25.3431
8, 25.3433
28, 25.3433
22, 25.3434
26, 25.3436
63, 25.3437
72, 25.344
47, 25.3443
75, 25.3446
25, 25.3453
58, 25.3453
3, 25.3463
40, 25.3467
55, 25.3467
54, 25.3468
32, 25.3478
45, 25.3478
60, 25.3484
73, 25.3488
13, 25.3498
77, 25.3507
33, 25.351
1, 25.3515
37, 25.3517
70, 25.3526
16, 25.3535
69, 25.3547
48, 25.3548
68, 25.3548
43, 25.3551
79, 25.3553
29, 25.3554
50, 25.3554
10, 25.3563
64, 25.3567
28, 25.3568
35, 25.3568
0, 25.3569
2, 25.3569
67, 25.3569
62, 25.357
52, 25.3576
42, 25.3592
22, 25.3594
11, 25.3603
14, 25.3605
36, 25.3608
39, 25.3609
30, 25.3614
21, 25.3617
20, 25.3619
60, 25.3623
71, 25.3624
65, 25.3625
27, 25.3627
46, 25.3643
1, 25.3644
29, 25.365
63, 25.3651
48, 25.3656
41, 25.3661
31, 25.3664
18, 25.3682
6, 25.3692
5, 25.3697
13, 25.3698
57, 25.3703
23, 25.3705
15, 25.3707
3, 25.3714
78, 25.3735
66, 25.3744
16, 25.3751
63, 25.3757
73, 25.3757
79, 25.3757
36, 25.3763
74, 25.3764
24, 25.3799
43, 25.3822
76, 25.3829
29, 25.3833
42, 25.3837
37, 25.3843
51, 25.3853
26, 25.3856
45, 25.3861
30, 25.3866
59, 25.3866
27, 25.3875
25, 25.3876
12, 25.3887
52, 25.3891
70, 25.3907
55, 25.3918
63, 25.3926
5, 25.3938
14, 25.3941
60, 25.3943
0, 25.3953
31, 25.3955
1, 25.3956
66, 25.3959
6, 25.3979
4, 25.3983
51, 25.399
54, 25.3995
36, 25.3996
11, 25.4002
75, 25.4002
7, 25.4011
13, 25.4016
38, 25.402
68, 25.4021
17, 25.4025
73, 25.403
79, 25.403
39, 25.4032
67, 25.4039
47, 25.4041
72, 25.4043
16, 25.4048
29, 25.4051
64, 25.4051
53, 25.4067
14, 25.4083
46, 25.4083
69, 25.4087
55, 25.4107
34, 25.4112
33, 25.4129
74, 25.4168
8, 25.419
12, 25.4191
15, 25.4202
10, 25.4216
50, 25.4221
68, 25.4226
19, 25.4235
44, 25.4259
43, 25.4276
41, 25.4277
75, 25.428
46, 25.4284
26, 25.429
65, 25.4293
53, 25.4304
55, 25.4307
71, 25.4314
77, 25.432
6, 25.4324
66, 25.4335
60, 25.4337
17, 25.434
37, 25.4352
79, 25.4352
28, 25.4353
70, 25.4371
39, 25.4385
20, 25.4394
76, 25.4401
46, 25.4413
58, 25.4423
35, 25.4429
34, 25.443
12, 25.4442
68, 25.4442
27, 25.446
17, 25.4462
5, 25.4464
40, 25.4482
21, 25.4483
24, 25.4485
49, 25.4489
72, 25.4491
44, 25.4493
18, 25.4497
6, 25.4535
42, 25.4551
26, 25.4591
47, 25.4594
35, 25.4599
53, 25.4604
70, 25.4619
1, 25.463
69, 25.4646
58, 25.4654
56, 25.4657
3, 25.466
13, 25.4667
57, 25.4672
14, 25.4675
46, 25.4682
9, 25.4684
16, 25.4716
10, 25.4726
41, 25.4737
79, 25.4743
49, 25.4754
55, 25.4755
43, 25.4766
11, 25.4769
59, 25.4773
64, 25.4785
45, 25.4791
65, 25.4794
71, 25.4811
68, 25.4815
72, 25.4823
19, 25.4829
44, 25.4831
0, 25.4837
39, 25.4862
4, 25.4877
12, 25.4884
60, 25.4887
15, 25.4889
48, 25.4901
69, 25.4902
70, 25.4909
9, 25.4919
66, 25.4921
61, 25.4938
8, 25.4948
7, 25.4961
47, 25.4971
16, 25.4989
4, 25.5009
62, 25.5009
63, 25.501
18, 25.5012
33, 25.5013
22, 25.5034
55, 25.5046
76, 25.5062
21, 25.5066
12, 25.5068
31, 25.5072
42, 25.5073
53, 25.5076
27, 25.5091
5, 25.5092
0, 25.5094
36, 25.5094
14, 25.5101
19, 25.5101
30, 25.5101
35, 25.5101
2, 25.5102
78, 25.511
70, 25.5118
45, 25.512
72, 25.5126
29, 25.5133
69, 25.5134
67, 25.5136
34, 25.5138
48, 25.5139
58, 25.514
52, 25.5147
44, 25.5151
65, 25.5165
59, 25.518
18, 25.5185
54, 25.52
36, 25.5212
60, 25.5215
28, 25.523
70, 25.5232
78, 25.5235
16, 25.5237
3, 25.5255
1, 25.5256
68, 25.5257
61, 25.5259
49, 25.5273
11, 25.5285
75, 25.5286
76, 25.5287
22, 25.5289
73, 25.5293
77, 25.53
7, 25.5313
39, 25.5324
66, 25.533
41, 25.5336
5, 25.5344
57, 25.5346
32, 25.5355
18, 25.5358
33, 25.5359
42, 25.5359
55, 25.5382
13, 25.5388
23, 25.5402
53, 25.5403
16, 25.541
46, 25.5418
36, 25.5433
67, 25.544
74, 25.5445
14, 25.545
51, 25.5458
65, 25.5476
50, 25.5481
20, 25.549
77, 25.5495
11, 25.5505
30, 25.5514
44, 25.5524
43, 25.5527
49, 25.553
64, 25.5533
56, 25.5534
10, 25.5537
47, 25.5558
73, 25.5563
41, 25.5567
42, 25.5572
72, 25.5574
48, 25.5575
70, 25.5577
15, 25.5583
5, 25.5591
21, 25.5592
76, 25.5603
4, 25.5607
63, 25.5611
23, 25.5613
60, 25.5614
79, 25.5616
69, 25.5623
8, 25.5629
31, 25.5631
10, 25.5645
19, 25.5645
28, 25.5648
39, 25.5648
71, 25.565
13, 25.5673
70, 25.5677
56, 25.568
29, 25.5681
24, 25.5684
14, 25.569
12, 25.5696
6, 25.5697
53, 25.5697
33, 25.5721
65, 25.5733
78, 25.5743
32, 25.5747
52, 25.5753
67, 25.5757
0, 25.5765
2, 25.5775
16, 25.579
59, 25.5794
51, 25.5798
76, 25.5799
75, 25.5803
1, 25.5805
61, 25.5807
64, 25.5812
20, 25.5814
43, 25.5829
19, 25.5849
18, 25.5861
34, 25.5878
44, 25.5898
50, 25.5898
63, 25.5918
26, 25.5936
52, 25.5937
30, 25.5949
66, 25.5949
24, 25.5956
70, 25.5958
46, 25.5961
22, 25.5972
4, 25.5974
9, 25.5993
39, 25.5993
34, 25.5997
14, 25.5998
65, 25.6046
1, 25.605
68, 25.6051
11, 25.6053
27, 25.6053
62, 25.6053
61, 25.6058
36, 25.6062
15, 25.6066
5, 25.6078
47, 25.6078
58, 25.6082
0, 25.6087
17, 25.6089
19, 25.6098
79, 25.6098
64, 25.6099
69, 25.6109
71, 25.6113
57, 25.6114
6, 25.6118
34, 25.6134
41, 25.6135
78, 25.6135
25, 25.614
2, 25.6147
46, 25.6161
73, 25.6167
44, 25.617
77, 25.6176
45, 25.6187
12, 25.619
48, 25.6191
31, 25.6192
0, 25.6198
1, 25.6198
35, 25.6208
16, 25.6209
52, 25.6215
26, 25.6219
27, 25.6219
37, 25.6222
39, 25.6232
56, 25.6232
50, 25.6235
55, 25.6251
33, 25.6252
3, 25.6254
10, 25.6254
68, 25.6262
71, 25.6268
67, 25.627
75, 25.6271
23, 25.6277
14, 25.6284
51, 25.6285
11, 25.6288
46, 25.6288
54, 25.629
20, 25.6291
59, 25.6291
47, 25.6292
79, 25.6297
74, 25.6298
40, 25.6303
63, 25.6306
5, 25.631
72, 25.6311
16, 25.6312
64, 25.6312
42, 25.6314
0, 25.6332
77, 25.6334
26, 25.6336
28, 25.6339
61, 25.634
13, 25.6351
19, 25.6352
45, 25.6353
12, 25.6373
58, 25.6376
9, 25.6377
8, 25.6386
30, 25.6391
6, 25.6398
73, 25.6399
71, 25.6402
21, 25.6406
44, 25.641
70, 25.642
35, 25.6425
40, 25.6432
66, 25.6441
38, 25.6445
4, 25.6447
17, 25.6447
33, 25.6452
11, 25.6455
52, 25.6462
36, 25.6464
7, 25.6465
37, 25.6466
3, 25.6467
25, 25.6469
23, 25.6471
31, 25.6473
49, 25.6476
57, 25.6478
20, 25.6481
56, 25.6483
62, 25.6483
46, 25.6486
5, 25.6497
76, 25.6503
10, 25.6507
67, 25.6511
42, 25.6518
26, 25.6522
1, 25.6524
45, 25.6529
68, 25.6529
19, 25.653
55, 25.6535
18, 25.6536
32, 25.6536
27, 25.6538
78, 25.6539
63, 25.654
60, 25.6541
15, 25.6542
29, 25.6546
43, 25.6549
66, 25.655
74, 25.6552
0, 25.6555
4, 25.6555
38, 25.6555
51, 25.6555
50, 25.6556
61, 25.6558
53, 25.6559
65, 25.6566
70, 25.6566
6, 25.6572
12, 25.6572
8, 25.6574
22, 25.6576
28, 25.6576
37, 25.6576
24, 25.6577
39, 25.6577
59, 25.6579
2, 25.6581
48, 25.6581
71, 25.6583
75, 25.6584
73, 25.6585
79, 25.6586
13, 25.6588
5, 25.6589
44, 25.6589
16, 25.6591
17, 25.6591
64, 25.6592
57, 25.6593
40, 25.6594
3, 25.6595
36, 25.6595
47, 25.6597
9, 25.6598
62, 25.6598
26, 25.66
34, 25.6601
69, 25.6602
20, 25.6604
7, 25.6605
21, 25.6607
56, 25.6608
72, 25.6608
35, 25.661
46, 25.6611
30, 25.6613
33, 25.6616
1, 25.6618
25, 25.6618
23, 25.6619
67, 25.6622
58, 25.6625
38, 25.6626
49, 25.6628
50, 25.6628
41, 25.6633
78, 25.6636
42, 25.6638
18, 25.6639
68, 25.6639
55, 25.664
51, 25.6643
76, 25.6646
10, 25.6648
45, 25.6649
14, 25.665
31, 25.6657
43, 25.6662
75, 25.6669
11, 25.667
52, 25.6675
13, 25.6678
77, 25.6681
29, 25.6683
71, 25.6685
32, 25.6689
63, 25.669
19, 25.6691
59, 25.6693
37, 25.6703
61, 25.6706
9, 25.6707
54, 25.6709
70, 25.6709
28, 25.6711
27, 25.672
67, 25.6726
2, 25.6731
38, 25.6731
7, 25.6732
40, 25.6733
51, 25.6758
1, 25.6759
15, 25.6759
12, 25.6762
55, 25.6762
65, 25.6764
66, 25.6769
42, 25.6786
11, 25.6789
64, 25.6798
48, 25.6813
35, 25.6815
43, 25.6817
78, 25.6832
44, 25.6837
34, 25.6848
79, 25.6855
26, 25.6856
62, 25.686
5, 25.6864
16, 25.6869
24, 25.687
20, 25.6871
4, 25.6883
45, 25.6883
71, 25.6884
2, 25.6895
13, 25.6906
67, 25.6913
49, 25.6918
60, 25.6918
40, 25.6925
73, 25.6926
36, 25.6929
76, 25.693
74, 25.6939
72, 25.6941
33, 25.6944
52, 25.6953
19, 25.6954
54, 25.6956
57, 25.6956
59, 25.6959
61, 25.6961
22, 25.6964
64, 25.6964
39, 25.6966
6, 25.6967
25, 25.6967
47, 25.6968
77, 25.6969
15, 25.6973
43, 25.698
26, 25.6983
68, 25.6985
17, 25.6988
28, 25.699
46, 25.6994
66, 25.6995
50, 25.6996
20, 25.6998
37, 25.701
3, 25.7012
55, 25.7014
78, 25.7016
42, 25.7019
1, 25.7022
10, 25.7025
53, 25.7026
34, 25.7027
63, 25.703
58, 25.7032
9, 25.7034
49, 25.7039
23, 25.704
79, 25.7044
70, 25.7051
4, 25.7056
7, 25.7058
12, 25.706
48, 25.7063
27, 25.7066
35, 25.7073
30, 25.7074
76, 25.7074
36, 25.7076
39, 25.7077
56, 25.7086
69, 25.7093
67, 25.7096
14, 25.7102
60, 25.7111
5, 25.712
54, 25.712
51, 25.7132
38, 25.7135
21, 25.7139
75, 25.7147
45, 25.7153
41, 25.7154
73, 25.7154
62, 25.716
72, 25.7163
64, 25.7165
79, 25.7166
59, 25.7168
68, 25.7168
52, 25.717
0, 25.7171
15, 25.7171
55, 25.7176
18, 25.7179
16, 25.7187
23, 25.719
65, 25.7191
2, 25.7192
34, 25.7192
40, 25.7194
8, 25.7199
42, 25.72
44, 25.721
36, 25.7211
46, 25.7212
12, 25.7219
33, 25.7227
71, 25.7232
54, 25.7235
3, 25.7236
32, 25.7239
43, 25.7239
51, 25.724
13, 25.7242
25, 25.7244
57, 25.7244
19, 25.7247
26, 25.7249
74, 25.7255
48, 25.7256
20, 25.7261
41, 25.7264
28, 25.727
5, 25.7272
31, 25.7272
70, 25.7274
50, 25.7283
64, 25.7289
76, 25.729
30, 25.7294
56, 25.7296
58, 25.7298
37, 25.7304
10, 25.7307
22, 25.7314
53, 25.7314
16, 25.7317
0, 25.7319
7, 25.7322
29, 25.7326
6, 25.7329
47, 25.7331
59, 25.7331
27, 25.7332
66, 25.7332
43, 25.7333
77, 25.7333
69, 25.7334
11, 25.7336
67, 25.7336
73, 25.7336
72, 25.7337
75, 25.7337
23, 25.7338
49, 25.7339
35, 25.734
18, 25.7342
4, 25.7343
24, 25.7343
63, 25.7344
68, 25.7344
20, 25.7345
65, 25.7346
33, 25.7347
57, 25.7347
42, 25.7349
62, 25.7353
8, 25.7355
26, 25.7356
14, 25.7358
44, 25.7361
12, 25.7364
17, 25.7364
78, 25.7374
1, 25.7376
41, 25.7379
71, 25.7381
61, 25.7396
38, 25.7399
25, 25.74
46, 25.7401
70, 25.7401
3, 25.7402
52, 25.7402
5, 25.7403
79, 25.7405
9, 25.7411
2, 25.7413
15, 25.7421
39, 25.7424
40, 25.7432
56, 25.7433
21, 25.7434
74, 25.7439
7, 25.744
23, 25.7443
69, 25.7449
13, 25.7452
19, 25.7452
47, 25.7453
50, 25.7455
22, 25.7457
73, 25.7461
76, 25.7463
11, 25.7466
27, 25.7475
67, 25.7476
18, 25.7488
55, 25.7489
42, 25.749
68, 25.7491
28, 25.7497
10, 25.7498
62, 25.75
57, 25.7505
0, 25.7515
37, 25.7516
24, 25.7518
51, 25.7518
61, 25.7518
32, 25.7519
65, 25.7519
31, 25.7521
17, 25.7524
60, 25.7525
9, 25.7528
41, 25.753
39, 25.7532
4, 25.7534
53, 25.7535
12, 25.7536
45, 25.7536
5, 25.7543
78, 25.7543
26, 25.7544
56, 25.7544
30, 25.7545
7, 25.7547
38, 25.7547
54, 25.7547
71, 25.7547
23, 25.7548
8, 25.7549
29, 25.7549
59, 25.7551
27, 25.756
36, 25.7576
79, 25.7577
33, 25.7598
40, 25.7607
65, 25.762
25, 25.7625
58, 25.7625
70, 25.7628
72, 25.7631
75, 25.7637
47, 25.7641
0, 25.7646
3, 25.7652
48, 25.7657
9, 25.7671
28, 25.7671
31, 25.7683
60, 25.7708
20, 25.771
7, 25.7712
23, 25.772
4, 25.773
21, 25.7732
41, 25.7742
38, 25.7766
63, 25.777
43, 25.7773
74, 25.7783
29, 25.7786
57, 25.7792
49, 25.7806
17, 25.782
32, 25.7829
4, 25.7836
37, 25.7866
13, 25.788
31, 25.7881
75, 25.7881
58, 25.7885
35, 25.7888
77, 25.7888
2, 25.7889
66, 25.7897
72, 25.7908
11, 25.7927
14, 25.7927
7, 25.7932
22, 25.7933
9, 25.7935
71, 25.7937
74, 25.794
56, 25.7941
53, 25.7945
70, 25.7945
68, 25.7953
73, 25.7954
26, 25.796
45, 25.798
19, 25.7982
15, 25.7988
27, 25.7992
67, 25.8005
32, 25.8007
38, 25.8011
61, 25.8011
36, 25.8019
43, 25.802
50, 25.802
8, 25.8021
17, 25.8022
3, 25.8025
59, 25.8026
20, 25.8029
6, 25.803
13, 25.803
12, 25.8034
78, 25.8041
34, 25.8046
41, 25.8048
10, 25.8057
14, 25.806
33, 25.8068
5, 25.8069
44, 25.8069
69, 25.8076
7, 25.8077
9, 25.8079
62, 25.8081
63, 25.8081
79, 25.8082
30, 25.8085
47, 25.8092
16, 25.8094
29, 25.8094
28, 25.8096
25, 25.8099
31, 25.8099
46, 25.8102
75, 25.8112
21, 25.8114
76, 25.8117
24, 25.8118
54, 25.8118
39, 25.8131
18, 25.8155
59, 25.8156
57, 25.8172
17, 25.8176
52, 25.8182
64, 25.8183
70, 25.8198
56, 25.821
44, 25.8224
10, 25.8231
36, 25.8233
27, 25.8242
58, 25.8242
30, 25.8258
55, 25.8261
51, 25.827
15, 25.8272
50, 25.8275
8, 25.8287
48, 25.8289
23, 25.8314
6, 25.8315
28, 25.8315
11, 25.8317
33, 25.8317
65, 25.8335
12, 25.8339
34, 25.8339
32, 25.8353
69, 25.8354
66, 25.8356
42, 25.8357
2, 25.8361
57, 25.8361
60, 25.8361
20, 25.8362
9, 25.8369
24, 25.8372
45, 25.8377
61, 25.839
56, 25.8392
43, 25.8398
29, 25.84
1, 25.8401
10, 25.8417
48, 25.8419
50, 25.8434
63, 25.844
3, 25.8447
28, 25.8455
36, 25.8456
38, 25.8464
75, 25.848
39, 25.8493
30, 25.8494
71, 25.85
68, 25.8561
18, 25.8563
24, 25.8563
46, 25.8564
20, 25.8569
22, 25.8569
45, 25.8571
6, 25.8584
2, 25.8588
19, 25.8592
64, 25.8611
55, 25.8614
5, 25.8615
31, 25.8627
73, 25.8627
26, 25.8661
21, 25.8697
32, 25.8722
46, 25.8727
48, 25.8748
54, 25.8767
24, 25.877
74, 25.8771
49, 25.8799
10, 25.882
11, 25.8838
29, 25.8841
77, 25.8841
65, 25.8844
64, 25.8852
2, 25.8854
44, 25.8862
18, 25.8863
15, 25.8865
69, 25.8867
46, 25.8869
56, 25.8871
78, 25.8873
9, 25.8887
60, 25.8898
17, 25.8903
58, 25.8908
26, 25.891
79, 25.8911
27, 25.8913
19, 25.8917
5, 25.8931
72, 25.8935
59, 25.8942
30, 25.8954
4, 25.8964
50, 25.8967
1, 25.8972
71, 25.8975
36, 25.8983
25, 25.8984
74, 25.8985
69, 25.8986
54, 25.8991
61, 25.8997
68, 25.9
6, 25.9024
77, 25.9051
12, 25.9059
3, 25.9073
63, 25.9075
42, 25.9085
15, 25.91
39, 25.9102
56, 25.9124
46, 25.9146
72, 25.9154
49, 25.9158
19, 25.9188
64, 25.9201
78, 25.9237
4, 25.9256
62, 25.9256
60, 25.9262
6, 25.9263
51, 25.9278
53, 25.9279
28, 25.9282
42, 25.9284
20, 25.9295
70, 25.9305
59, 25.9318
72, 25.9323
40, 25.933
76, 25.9333
37, 25.9338
3, 25.9344
44, 25.9358
9, 25.9365
66, 25.939
79, 25.9391
45, 25.9397
74, 25.9398
55, 25.9402
46, 25.9405
2, 25.9415
77, 25.9421
38, 25.9422
0, 25.9424
71, 25.9426
14, 25.9432
11, 25.944
68, 25.9474
67, 25.9479
15, 25.9481
56, 25.9497
6, 25.9505
50, 25.9505
29, 25.9508
55, 25.9529
39, 25.9535
22, 25.9546
53, 25.9548
33, 25.955
10, 25.9552
21, 25.9559
23, 25.9559
37, 25.9561
42, 25.9563
25, 25.9569
16, 25.9584
8, 25.9591
20, 25.9597
17, 25.9599
1, 25.9602
47, 25.9618
41, 25.9619
24, 25.9624
78, 25.9624
4, 25.9652
30, 25.9675
43, 25.9688
71, 25.9709
70, 25.972
66, 25.9744
18, 25.9748
35, 25.9768
3, 25.977
72, 25.9785
37, 25.9789
33, 25.9793
34, 25.9832
38, 25.9833
27, 25.9862
32, 25.9884
2, 25.9885
58, 25.9886
51, 25.9887
50, 25.9892
69, 25.9892
55, 25.9893
61, 25.9896
23, 25.99
18, 25.9902
48, 25.9908
24, 25.9909
62, 25.9912
15, 25.992
53, 25.9932
36, 25.9935
68, 25.9939
76, 25.994
40, 25.9942
39, 25.995
70, 25.9951
6, 25.9968
8, 25.997
41, 25.9971
14, 25.9981
59, 25.9982
71, 25.9985
13, 25.999
10, 25.9991
17, 26.0009
35, 26.0021
67, 26.0034
78, 26.0038
60, 26.0039
18, 26.0045
61, 26.0056
72, 26.006
12, 26.0112
25, 26.0113
44, 26.0118
63, 26.012
37, 26.0132
55, 26.0135
21, 26.0138
16, 26.0146
45, 26.0152
33, 26.0164
49, 26.0172
51, 26.019
8, 26.0205
26, 26.0206
9, 26.0236
14, 26.0237
3, 26.0239
36, 26.0245
77, 26.0253
2, 26.0255
7, 26.0258
68, 26.0266
38, 26.0272
54, 26.0272
18, 26.0281
23, 26.0286
75, 26.0291
67, 26.0323
56, 26.035
73, 26.035
6, 26.0351
0, 26.0359
50, 26.0361
4, 26.0365
74, 26.0385
17, 26.0389
33, 26.0389
37, 26.0389
66, 26.0394
27, 26.0398
71, 26.0398
3, 26.0399
28, 26.0416
61, 26.0417
64, 26.0418
14, 26.0425
68, 26.0433
53, 26.0439
13, 26.0441
30, 26.0443
39, 26.0444
38, 26.0462
15, 26.0491
12, 26.0527
19, 26.0565
9, 26.0599
69, 26.0653
34, 26.0666
63, 26.0668
18, 26.0671
32, 26.0679
59, 26.0684
31, 26.0704
13, 26.0723
22, 26.0729
74, 26.0737
20, 26.0745
41, 26.0772
49, 26.0778
16, 26.0797
55, 26.0797
23, 26.0801
26, 26.0805
72, 26.0811
67, 26.0841
29, 26.0846
30, 26.085
60, 26.0857
57, 26.0867
13, 26.0875
34, 26.0877
33, 26.0884
56, 26.0906
62, 26.0912
5, 26.093
22, 26.0941
74, 26.0947
79, 26.0953
10, 26.0971
46, 26.0982
17, 26.0996
39, 26.1012
68, 26.1017
72, 26.1065
64, 26.107
18, 26.1071
53, 26.1081
61, 26.1083
44, 26.1101
6, 26.1108
30, 26.1113
8, 26.1124
56, 26.1178
26, 26.118
66, 26.1189
0, 26.1199
15, 26.1225
41, 26.1227
59, 26.1244
76, 26.125
13, 26.1257
4, 26.1259
57, 26.1283
38, 26.1311
75, 26.1328
8, 26.133
62, 26.1369
19, 26.137
55, 26.1384
69, 26.14
9, 26.1401
10, 26.1452
61, 26.1461
20, 26.1466
65, 26.1468
59, 26.1472
11, 26.1478
15, 26.1485
50, 26.1491
31, 26.1497
43, 26.1508
60, 26.1526
69, 26.1552
62, 26.1562
4, 26.1568
51, 26.1572
5, 26.1577
1, 26.1589
2, 26.1592
64, 26.1594
49, 26.1606
0, 26.1621
21, 26.1628
17, 26.163
78, 26.1639
14, 26.1646
26, 26.1648
28, 26.1652
30, 26.1678
12, 26.1708
31, 26.1715
19, 26.1741
38, 26.1746
61, 26.1768
46, 26.1782
48, 26.186
53, 26.1868
67, 26.187
10, 26.1873
75, 26.1878
22, 26.1883
79, 26.1884
35, 26.1889
42, 26.1891
17, 26.1899
6, 26.19
70, 26.1908
3, 26.1914
43, 26.1914
55, 26.1916
54, 26.1927
59, 26.1944
74, 26.1946
21, 26.1954
77, 26.196
69, 26.1968
71, 26.1968
4, 26.1974
37, 26.1983
12, 26.1989
16, 26.1991
14, 26.1997
46, 26.2007
44, 26.202
10, 26.2035
60, 26.2053
29, 26.2084
65, 26.2086
51, 26.2106
15, 26.2111
34, 26.2129
41, 26.2147
79, 26.2157
59, 26.2168
54, 26.2183
36, 26.2193
16, 26.2211
33, 26.2211
38, 26.2224
47, 26.2258
10, 26.2316
70, 26.2325
30, 26.2374
16, 26.2399
52, 26.2404
77, 26.241
78, 26.2411
57, 26.2413
49, 26.242
29, 26.2421
4, 26.2425
64, 26.249
68, 26.2535
14, 26.2546
43, 26.2546
11, 26.2556
33, 26.2559
66, 26.2575
12, 26.2584
1, 26.2593
56, 26.2595
35, 26.2596
79, 26.2597
74, 26.2598
26, 26.2605
50, 26.2623
53, 26.2623
24, 26.2624
55, 26.2627
69, 26.263
15, 26.2631
31, 26.2641
48, 26.2643
39, 26.2646
5, 26.2658
45, 26.2658
17, 26.266
62, 26.2668
13, 26.2672
34, 26.2692
61, 26.2696
67, 26.2705
47, 26.2733
49, 26.2753
45, 26.2778
72, 26.2784
26, 26.2804
61, 26.2825
40, 26.2826
51, 26.2826
34, 26.2832
46, 26.2844
18, 26.2854
21, 26.2855
32, 26.2855
14, 26.2861
70, 26.2861
65, 26.2863
59, 26.2882
4, 26.291
6, 26.2959
27, 26.296
78, 26.2976
47, 26.2982
56, 26.2996
53, 26.3008
57, 26.3014
8, 26.3035
3, 26.3098
60, 26.3113
25, 26.3125
20, 26.3141
44, 26.3145
50, 26.3191
42, 26.3194
10, 26.3202
54, 26.3205
69, 26.3209
73, 26.3218
12, 26.323
30, 26.3248
2, 26.3253
75, 26.3288
9, 26.3295
29, 26.3301
79, 26.3447
49, 26.3453
37, 26.3488
14, 26.3506
65, 26.3548
19, 26.3572
17, 26.3589
74, 26.3592
44, 26.3607
73, 26.3651
7, 26.3668
48, 26.3676
23, 26.3704
30, 26.3717
56, 26.3725
16, 26.3742
12, 26.3781
20, 26.393
9, 26.3946
43, 26.3961
28, 26.3987
18, 26.3998
13, 26.4068
61, 26.4074
3, 26.4332
72, 26.4403
34, 26.471
11, 26.4726
23, 26.546
59, 26.8203
9, 26.8911
26, 27.0054
22, 27.048
54, 27.0545
27, 27.1411
30, 27.1843
52, 27.233
47, 27.2693
68, 27.3075
79, 27.3412
55, 27.4354
35, 27.4413
41, 27.5949
25, 27.8112
51, 27.8333
66, 27.9955
27, 28.0395
34, 28.1633
12, 28.2033
42, 28.2871
42, 28.3035
25, 28.3547
34, 28.4271
20, 28.7192
47, 28.7375
42, 28.7883
71, 29.0031
30, 29.0109
27, 29.0245
33, 29.0266
65, 29.0299
59, 29.0637
50, 29.1046
35, 29.204
14, 29.234
26, 29.5138
14, 29.5143
46, 29.5144
68, 29.5224
58, 29.5232
9, 29.5299
27, 29.5322
66, 29.5322
75, 29.5338
20, 29.5404
23, 29.5411
34, 29.5411
15, 29.5502
27, 29.5503
11, 29.554
50, 29.5586
38, 29.5595
13, 29.5635
3, 29.5665
42, 29.5715
18, 29.5724
58, 29.573
8, 29.5769
54, 29.585
39, 29.5859
62, 29.5885
4, 29.5896
78, 29.5908
58, 29.5933
24, 29.597
40, 29.5975
6, 29.5996
29, 29.6003
51, 29.6009
28, 29.6024
77, 29.6025
33, 29.606
25, 29.6077
26, 29.6097
55, 29.6099
68, 29.6099
42, 29.612
14, 29.6128
51, 29.6144
71, 29.6145
5, 29.6159
2, 29.6162
70, 29.6164
58, 29.6165
52, 29.6168
43, 29.617
0, 29.6174
4, 29.6178
38, 29.6193
27, 29.6198
64, 29.6207
11, 29.622
20, 29.622
78, 29.6248
18, 29.6253
36, 29.626
32, 29.6272
41, 29.6275
73, 29.6275
29, 29.6293
15, 29.6295
51, 29.6311
6, 29.6318
55, 29.633
31, 29.6332
69, 29.6332
76, 29.6332
50, 29.6333
65, 29.6334
46, 29.6336
60, 29.6344
52, 29.6345
49, 29.6346
43, 29.6348
42, 29.6351
62, 29.6354
39, 29.6355
27, 29.6357
18, 29.6358
25, 29.6359
28, 29.6359
34, 29.6362
11, 29.6363
2, 29.6364
9, 29.637
23, 29.6373
48, 29.6375
19, 29.638
36, 29.6382
56, 29.6395
70, 29.6409
1, 29.641
13, 29.6413
21, 29.6425
67, 29.6426
22, 29.6434
77, 29.6435
17, 29.6437
75, 29.6442
10, 29.6444
47, 29.6444
7, 29.6447
54, 29.6447
15, 29.645
79, 29.6456
57, 29.6457
65, 29.6457
5, 29.6458
49, 29.6459
33, 29.6477
42, 29.6479
8, 29.6481
35, 29.6481
38, 29.6482
43, 29.6482
2, 29.6483
74, 29.6483
3, 29.6487
71, 29.6487
59, 29.6488
30, 29.6493
37, 29.6495
24, 29.6497
56, 29.6497
44, 29.6498
39, 29.65
4, 29.6503
70, 29.6503
16, 29.6506
14, 29.6507
64, 29.651
53, 29.6513
9, 29.6514
18, 29.6516
58, 29.6518
21, 29.6521
48, 29.6527
60, 29.653
40, 29.6534
20, 29.6539
12, 29.654
57, 29.6544
26, 29.6551
73, 29.6552
33, 29.6555
13, 29.6556
10, 29.6559
52, 29.6568
41, 29.657
50, 29.6571
47, 29.6581
6, 29.6589
19, 29.6595
34, 29.6605
32, 29.6606
63, 29.6609
29, 29.661
61, 29.661
66, 29.6611
1, 29.6627
56, 29.6629
73, 29.6629
67, 29.6631
51, 29.6634
54, 29.6634
15, 29.6635
38, 29.6639
72, 29.6641
76, 29.6644
26, 29.6645
55, 29.6646
12, 29.6647
79, 29.6647
69, 29.6648
60, 29.665
31, 29.6651
2, 29.6652
36, 29.6652
17, 29.6654
45, 29.6654
62, 29.6657
25, 29.6658
35, 29.6658
47, 29.6658
68, 29.666
57, 29.6661
58, 29.6661
40, 29.6662
77, 29.6663
59, 29.6664
20, 29.6668
42, 29.6668
64, 29.6668
9, 29.667
41, 29.6671
27, 29.6672
39, 29.6672
6, 29.6673
0, 29.6674
21, 29.6675
74, 29.6675
52, 29.6676
24, 29.6679
48, 29.6679
70, 29.6679
71, 29.668
13, 29.6684
5, 29.6685
16, 29.6687
30, 29.6687
43, 29.6687
50, 29.6687
53, 29.6687
75, 29.6688
32, 29.6689
37, 29.6689
78, 29.6691
3, 29.6692
22, 29.6692
7, 29.6694
23, 29.6694
46, 29.6695
28, 29.6696
18, 29.6698
11, 29.6701
29, 29.6701
4, 29.6704
33, 29.6705
8, 29.6709
10, 29.6711
61, 29.6714
14, 29.6715
66, 29.6715
49, 29.6719
26, 29.6721
63, 29.6721
76, 29.6723
38, 29.673
54, 29.673
15, 29.6734
67, 29.6737
56, 29.6744
62, 29.6751
69, 29.6751
12, 29.6753
19, 29.6753
60, 29.6754
65, 29.6755
31, 29.6759
57, 29.6761
34, 29.6762
72, 29.6765
55, 29.6768
1, 29.6772
27, 29.6779
37, 29.6779
50, 29.6782
25, 29.6783
16, 29.6786
2, 29.6788
44, 29.6792
68, 29.6792
79, 29.6792
46, 29.6794
6, 29.6796
11, 29.6798
45, 29.6798
64, 29.68
9, 29.6801
48, 29.6802
42, 29.6803
7, 29.6807
41, 29.6807
49, 29.6807
21, 29.6808
77, 29.6809
20, 29.681
71, 29.681
51, 29.6811
61, 29.6811
54, 29.6812
76, 29.6814
75, 29.6816
33, 29.6817
58, 29.6817
36, 29.682
15, 29.6821
62, 29.6821
59, 29.6822
24, 29.6823
43, 29.6824
14, 29.6825
26, 29.6827
52, 29.6828
66, 29.6828
18, 29.6831
17, 29.6835
22, 29.6837
35, 29.6837
5, 29.6841
23, 29.6841
4, 29.6845
28, 29.6845
13, 29.6846
53, 29.6847
19, 29.6849
65, 29.685
12, 29.6853
47, 29.6854
73, 29.6854
69, 29.6855
70, 29.6855
39, 29.6856
57, 29.6859
60, 29.6859
40, 29.686
32, 29.6861
34, 29.6861
31, 29.6862
10, 29.6866
25, 29.6868
46, 29.6877
67, 29.6883
63, 29.6884
1, 29.6888
72, 29.6892
29, 29.6894
56, 29.6894
50, 29.6898
64, 29.6898
74, 29.6899
66, 29.6903
30, 29.6904
3, 29.6905
11, 29.6911
43, 29.6911
38, 29.6914
6, 29.6916
16, 29.6918
24, 29.6926
20, 29.6928
36, 29.693
7, 29.6931
55, 29.6932
42, 29.6934
9, 29.6936
59, 29.694
70, 29.694
75, 29.6941
71, 29.6943
61, 29.6947
41, 29.6949
21, 29.6954
23, 29.6956
15, 29.6981
13, 29.6985
51, 29.6988
58, 29.6989
0, 29.6999
65, 29.7002
8, 29.7003
62, 29.701
73, 29.7014
53, 29.7018
25, 29.7019
49, 29.7022
12, 29.7023
37, 29.7024
16, 29.7025
17, 29.7025
20, 29.7026
69, 29.7027
4, 29.703
11, 29.7031
59, 29.7031
22, 29.7033
52, 29.7034
5, 29.7035
39, 29.7035
2, 29.7038
18, 29.7038
33, 29.7038
55, 29.7038
44, 29.7039
48, 29.7039
27, 29.704
29, 29.704
40, 29.7041
60, 29.7041
75, 29.7041
31, 29.7042
50, 29.7043
78, 29.7044
1, 29.7045
10, 29.7045
30, 29.7045
47, 29.7045
43, 29.7046
76, 29.7047
14, 29.7049
68, 29.7052
57, 29.7055
26, 29.7057
34, 29.7057
54, 29.7057
74, 29.7057
63, 29.7059
42, 29.7062
24, 29.7064
61, 29.7065
56, 29.7068
66, 29.7068
71, 29.707
45, 29.7071
13, 29.708
67, 29.7088
23, 29.7091
69, 29.7094
77, 29.7096
35, 29.7097
7, 29.71
21, 29.71
32, 29.71
12, 29.711
18, 29.7128
70, 29.7131
53, 29.7137
79, 29.7137
28, 29.7138
16, 29.7142
40, 29.7146
50, 29.7154
66, 29.7159
44, 29.7166
72, 29.7168
19, 29.7171
43, 29.7175
48, 29.7179
51, 29.7179
33, 29.718
49, 29.7183
41, 29.7186
39, 29.7187
5, 29.7192
65, 29.7198
29, 29.7201
31, 29.7201
0, 29.7202
15, 29.7202
25, 29.7202
26, 29.7202
37, 29.7204
38, 29.7206
10, 29.7207
57, 29.7215
63, 29.7219
79, 29.7219
2, 29.7223
55, 29.7223
35, 29.7224
45, 29.7226
68, 29.7228
75, 29.723
17, 29.7241
21, 29.7241
22, 29.7244
76, 29.7246
23, 29.7247
69, 29.7248
30, 29.7251
36, 29.7251
46, 29.7251
14, 29.7252
77, 29.7261
47, 29.7262
6, 29.7263
67, 29.7264
40, 29.7265
33, 29.7267
3, 29.7268
1, 29.7269
44, 29.727
52, 29.727
50, 29.7272
66, 29.7273
78, 29.7273
11, 29.7277
8, 29.7279
20, 29.7279
58, 29.7281
19, 29.7282
12, 29.7283
18, 29.7284
24, 29.7285
43, 29.7285
60, 29.7286
62, 29.7286
26, 29.7287
42, 29.7287
71, 29.7288
31, 29.7289
13, 29.729
41, 29.729
65, 29.729
16, 29.7291
27, 29.7292
74, 29.7299
29, 29.7302
35, 29.7302
51, 29.7302
70, 29.7304
55, 29.7306
53, 29.7308
54, 29.731
28, 29.7312
73, 29.7313
4, 29.7314
9, 29.7314
72, 29.7314
15, 29.7315
22, 29.7316
56, 29.7322
25, 29.7326
48, 29.7327
76, 29.7334
10, 29.734
21, 29.7344
34, 29.7344
46, 29.7348
38, 29.7349
64, 29.7355
52, 29.7364
63, 29.7367
1, 29.737
45, 29.7372
0, 29.7389
43, 29.739
18, 29.7394
7, 29.7398
69, 29.7399
5, 29.7402
68, 29.7402
23, 29.7411
32, 29.7421
40, 29.7423
74, 29.7423
78, 29.7425
70, 29.7435
27, 29.7441
56, 29.7446
49, 29.7471
79, 29.7474
31, 29.7479
66, 29.7484
63, 29.7489
19, 29.749
6, 29.7493
8, 29.7495
36, 29.7509
30, 29.7511
69, 29.7524
43, 29.7534
20, 29.7536
12, 29.7538
53, 29.7541
16, 29.7546
50, 29.7546
59, 29.7548
65, 29.755
58, 29.7559
11, 29.7569
57, 29.7569
71, 29.7569
25, 29.7571
73, 29.7571
3, 29.7572
7, 29.7581
34, 29.7582
23, 29.7585
32, 29.7591
51, 29.7591
13, 29.7592
21, 29.7594
5, 29.7595
26, 29.7595
54, 29.7596
75, 29.7596
39, 29.7598
31, 29.7599
38, 29.7606
45, 29.7623
24, 29.763
76, 29.763
2, 29.7633
15, 29.7639
68, 29.7648
29, 29.7649
79, 29.7654
28, 29.7655
72, 29.7656
12, 29.7667
48, 29.7671
10, 29.7676
4, 29.7707
52, 29.7707
60, 29.7715
64, 29.7715
9, 29.7722
19, 29.7723
20, 29.7728
6, 29.773
36, 29.774
66, 29.7742
55, 29.7747
77, 29.775
61, 29.7758
40, 29.7765
33, 29.7783
46, 29.7785
78, 29.7785
0, 29.7786
63, 29.7788
47, 29.7812
11, 29.7814
74, 29.7814
29, 29.7815
59, 29.7815
76, 29.7828
8, 29.783
34, 29.7844
60, 29.7849
57, 29.785
55, 29.7853
25, 29.7865
35, 29.7867
7, 29.7868
10, 29.7868
16, 29.7868
5, 29.7869
27, 29.7872
49, 29.7873
40, 29.7876
73, 29.7887
67, 29.7894
31, 29.7898
54, 29.7918
56, 29.7921
39, 29.7923
6, 29.7928
23, 29.7929
44, 29.7929
12, 29.7931
18, 29.7931
3, 29.7932
33, 29.7933
48, 29.7933
51, 29.7933
17, 29.7934
1, 29.7936
20, 29.7939
65, 29.7939
37, 29.794
42, 29.794
59, 29.7941
70, 29.7943
77, 29.7945
28, 29.7946
62, 29.7948
46, 29.7949
19, 29.795
29, 29.795
50, 29.795
15, 29.7951
45, 29.7951
75, 29.7951
30, 29.7952
11, 29.7953
14, 29.7953
36, 29.7954
13, 29.7955
5, 29.7956
61, 29.7956
64, 29.7956
74, 29.7956
76, 29.7956
69, 29.7958
41, 29.7959
26, 29.796
4, 29.7962
9, 29.7963
66, 29.7965
79, 29.7965
0, 29.7966
58, 29.7968
53, 29.7969
8, 29.797
34, 29.7973
38, 29.7975
52, 29.7975
57, 29.7976
25, 29.7978
73, 29.7983
32, 29.7984
22, 29.7993
72, 29.8001
39, 29.8009
55, 29.8009
43, 29.8017
37, 29.8035
21, 29.8036
60, 29.8043
70, 29.8056
54, 29.8057
27, 29.8063
78, 29.8096
47, 29.8114
51, 29.812
58, 29.8125
71, 29.8129
46, 29.815
79, 29.8155
15, 29.8174
29, 29.8179
30, 29.8187
59, 29.8189
5, 29.8191
3, 29.8196
32, 29.8203
18, 29.8206
49, 29.8206
20, 29.8208
75, 29.8213
25, 29.8216
22, 29.8218
63, 29.8219
52, 29.8224
19, 29.8225
53, 29.8228
68, 29.823
70, 29.8231
36, 29.8232
42, 29.8235
6, 29.8241
10, 29.8245
26, 29.8252
24, 29.8257
23, 29.8261
61, 29.8264
17, 29.8278
0, 29.8281
55, 29.8284
11, 29.8286
56, 29.829
77, 29.8301
57, 29.8303
21, 29.8309
76, 29.8309
35, 29.8314
4, 29.834
44, 29.834
68, 29.8347
72, 29.8349
9, 29.8351
36, 29.8353
43, 29.8354
69, 29.8355
31, 29.8358
14, 29.8364
13, 29.8365
46, 29.8365
73, 29.8365
20, 29.837
54, 29.8372
27, 29.8375
63, 29.838
12, 29.8381
1, 29.8386
33, 29.8418
17, 29.8448
62, 29.8476
65, 29.8476
71, 29.849
16, 29.85
47, 29.8506
23, 29.8524
19, 29.8534
73, 29.855
6, 29.8562
11, 29.8575
70, 29.8588
45, 29.8589
77, 29.8607
43, 29.8617
32, 29.8623
78, 29.8624
58, 29.8627
53, 29.8629
14, 29.8633
62, 29.8635
57, 29.8641
63, 29.8658
36, 29.866
33, 29.8676
72, 29.8678
37, 29.8682
46, 29.8684
67, 29.8684
15, 29.8686
26, 29.87
11, 29.8704
10, 29.8716
54, 29.8731
45, 29.8746
0, 29.8752
28, 29.8756
44, 29.8756
79, 29.8763
39, 29.8767
12, 29.8802
32, 29.8813
49, 29.8827
69, 29.8834
77, 29.8847
22, 29.8851
42, 29.8851
34, 29.8887
65, 29.8894
39, 29.8907
27, 29.8908
41, 29.8917
70, 29.8924
47, 29.8939
17, 29.8942
38, 29.895
5, 29.8966
79, 29.8981
58, 29.8987
8, 29.8995
56, 29.8995
67, 29.9004
21, 29.9016
74, 29.9019
69, 29.9028
51, 29.9029
26, 29.9037
44, 29.9037
30, 29.904
9, 29.9041
53, 29.9066
52, 29.9068
61, 29.907
36, 29.9076
48, 29.9077
71, 29.9077
72, 29.908
22, 29.9084
16, 29.909
37, 29.909
50, 29.909
55, 29.9094
2, 29.9096
4, 29.9098
25, 29.9099
15, 29.9106
70, 29.9122
19, 29.9129
1, 29.9141
60, 29.9143
78, 29.9145
64, 29.9153
77, 29.9153
45, 29.9155
10, 29.9156
66, 29.9168
28, 29.9172
20, 29.9185
74, 29.9223
56, 29.9225
75, 29.9251
16, 29.9252
76, 29.9259
0, 29.9292
43, 29.9301
32, 29.934
51, 29.9344
62, 29.9356
63, 29.9356
6, 29.9364
31, 29.9366
69, 29.9389
39, 29.9395
73, 29.9411
55, 29.9417
34, 29.9426
68, 29.9433
19, 29.9437
15, 29.9442
24, 29.9443
13, 29.945
74, 29.945
66, 29.9451
36, 29.9465
58, 29.9465
8, 29.9472
76, 29.9484
16, 29.9537
1, 29.9565
28, 29.957
3, 29.961
31, 29.9663
12, 29.9664
78, 29.9668
15, 29.9684
57, 29.9717
67, 29.9729
55, 29.9739
64, 29.9751
63, 29.9762
42, 29.9771
29, 29.9775
56, 29.9778
71, 29.9795
38, 29.9838
32, 29.9853
53, 29.9856
36, 29.9857
75, 29.9869
1, 29.9894
45, 29.9896
26, 29.9905
65, 29.9914
14, 29.993
69, 29.9936
6, 29.9974
49, 30.0032
22, 30.006
38, 30.0062
12, 30.0069
2, 30.0095
78, 30.0099
55, 30.0173
68, 30.0695
25, 30.0703
45, 30.0747
16, 30.085
7, 30.0919
54, 30.0967
68, 30.1117
18, 30.1186
59, 30.1284
48, 30.1288
12, 30.1349
14, 30.1506
39, 30.1722
59, 30.1837
66, 30.2152
23, 30.2408
61, 30.2409
10, 30.2411
40, 30.2845
76, 30.3008
11, 30.3028
26, 30.3078
75, 30.3138
21, 30.3159
41, 30.4015
3, 30.4104
35, 30.4346
58, 30.4397
5, 30.5201
9, 30.5779
15, 30.5838
15, 30.7293
48, 30.7468
68, 30.8748
77, 30.8974
42, 31.111
62, 31.1244
16, 31.1814
30, 31.2345
0, 31.3511
26, 31.3701
19, 31.4938
79, 31.4962
59, 31.5016
76, 31.6517
40, 31.7468
45, 31.8205
70, 31.9382
62, 32.0166
25, 32.1389
24, 32.1811
11, 32.2858
42, 32.3334
42, 32.3843
12, 32.4276
11, 32.458
67, 32.546
14, 32.5948
77, 32.6456
14, 32.65
8, 32.6964
14, 32.725
56, 32.7327
13, 32.816
9, 32.8366
14, 32.9328
21, 33.0987
60, 33.1462
33, 33.2337
36, 33.2925
69, 33.3508
39, 33.4263
59, 33.4349
52, 33.4588
4, 33.4633
2, 33.4889
10, 33.4957
49, 33.5604
77, 33.5771
67, 33.6971
60, 33.7165
68, 33.9206
1, 33.9799
35, 33.992
47, 34.0169
24, 34.0263
51, 34.0652
57, 34.0738
68, 34.2439
17, 34.272
48, 34.2812
21, 34.3005
10, 34.3102
35, 34.3222
11, 34.4694
63, 34.5048
71, 34.5618
32, 34.8012
16, 34.8088
74, 34.8092
7, 34.815
14, 34.8213
36, 34.8358
3, 34.9009
10, 34.9105
59, 34.967
34, 35.1403
19, 35.1687
63, 35.2016
60, 35.2332
23, 35.3453
44, 35.3732
16, 35.3969
41, 35.3998
21, 35.835
78, 35.9262
35, 35.9664
40, 36.0505
55, 36.1108
56, 36.1201
29, 36.2409
0, 36.2713
34, 36.4276
60, 36.4392
46, 36.7221
20, 36.7907
19, 36.9264
32, 36.9595
62, 37.0573
45, 37.2049
19, 37.4021
32, 37.5245
22, 37.5567
64, 37.8382
55, 37.8685
32, 37.9802
15, 37.9973
67, 38.0315
79, 38.0475
42, 38.0765
33, 38.3582
35, 38.4401
19, 38.6974
38, 38.7157
11, 38.7441
7, 38.758
68, 38.8073
21, 38.846
73, 38.8692
29, 39.0377
46, 39.0633
65, 39.0955
40, 39.5767
27, 39.6062
35, 39.6106
47, 39.6183
14, 39.6235
74, 39.6471
11, 39.7109
69, 39.7638
68, 39.7853
6, 39.813
24, 39.8166
77, 39.8775
10, 39.8846
32, 39.921
