0, 0.0
1, 0.0
2, 0.0
3, 0.0
4, 0.0
5, 0.0
6, 0.0
7, 0.0
8, 0.0
9, 0.0
10, 0.0
11, 0.0
12, 0.0
13, 0.0
14, 0.0
15, 0.0
16, 0.0
17, 0.0
18, 0.0
19, 0.0
1, 0.0134
1, 0.0268
9, 0.0277
9, 0.0333
0, 0.0336
7, 0.0402
6, 0.048
13, 0.0494
10, 0.06
15, 0.06
13, 0.0713
17, 0.0713
6, 0.074
1, 0.0768
11, 0.0796
12, 0.0896
0, 0.0906
19, 0.1029
0, 0.1146
1, 0.1163
17, 0.1181
4, 0.1246
9, 0.1267
6, 0.1361
0, 0.1392
10, 0.1538
1, 0.1546
11, 0.1617
5, 0.1635
17, 0.1764
14, 0.1821
7, 0.1981
9, 0.2019
13, 0.2024
15, 0.2073
3, 0.2257
18, 0.2272
10, 0.2408
14, 0.2418
1, 0.2453
2, 0.257
8, 0.2937
6, 0.2966
15, 0.3057
6, 0.3099
8, 0.3108
0, 0.3247
7, 0.3247
6, 0.3309
12, 0.3491
19, 0.3514
5, 0.3685
13, 0.3791
5, 0.3856
16, 0.3876
17, 0.4132
15, 0.416
1, 0.4228
3, 0.4248
11, 0.4411
15, 0.4487
10, 0.4669
8, 0.4735
12, 0.4803
5, 0.4806
0, 0.5151
0, 0.5358
9, 0.5433
16, 0.5495
4, 0.5643
4, 0.5793
5, 0.5947
0, 0.6235
19, 0.6254
16, 0.6398
8, 0.6462
0, 0.6481
19, 0.6631
4, 0.6826
3, 0.6949
18, 0.7061
16, 0.7116
10, 0.7174
4, 0.7272
15, 0.7273
10, 0.7427
6, 0.7538
1, 0.775
19, 0.7812
1, 0.7817
8, 0.813
7, 0.8149
1, 0.8205
12, 0.8266
8, 0.846
6, 0.8506
5, 0.8798
12, 0.8812
15, 0.8995
2, 0.9042
16, 0.9162
4, 0.9168
15, 0.9476
6, 0.9508
18, 0.9602
0, 0.9629
19, 0.9668
11, 0.967
19, 0.9818
18, 0.9899
6, 0.9976
1, 1.02
5, 1.028
3, 1.0291
2, 1.0341
1, 1.0456
5, 1.0497
17, 1.0544
3, 1.0581
15, 1.0677
13, 1.0848
12, 1.0873
16, 1.097
0, 1.1052
5, 1.1135
1, 1.1215
3, 1.1216
0, 1.1389
4, 1.1578
12, 1.1796
16, 1.1869
5, 1.2038
13, 1.2082
10, 1.2104
13, 1.2193
8, 1.2352
14, 1.245
7, 1.2495
12, 1.2615
2, 1.2662
16, 1.2663
11, 1.2985
6, 1.3057
4, 1.3115
6, 1.3146
3, 1.338
9, 1.349
2, 1.363
16, 1.3673
4, 1.3688
12, 1.3772
6, 1.3997
16, 1.4198
17, 1.4269
12, 1.4402
3, 1.4548
13, 1.4772
10, 1.4824
7, 1.4997
15, 1.5113
1, 1.524
7, 1.5714
17, 1.5887
7, 1.5925
4, 1.6042
3, 1.6049
3, 1.6138
5, 1.6305
14, 1.6343
17, 1.6403
19, 1.641
18, 1.6511
14, 1.6574
16, 1.6592
5, 1.6795
18, 1.6833
1, 1.684
7, 1.6886
3, 1.6945
9, 1.6946
3, 1.7035
16, 1.711
13, 1.7135
13, 1.7456
3, 1.747
12, 1.7471
8, 1.7506
2, 1.7509
13, 1.7593
2, 1.783
9, 1.8217
8, 1.8335
12, 1.8411
11, 1.8432
2, 1.8658
4, 1.8693
17, 1.8729
9, 1.8972
0, 1.8998
2, 1.9053
12, 1.9126
14, 1.9219
4, 1.9336
14, 1.9475
13, 1.9608
11, 1.9738
6, 1.9773
8, 1.9828
8, 1.9946
11, 2.0006
3, 2.038
7, 2.045
0, 2.0494
11, 2.0521
6, 2.0542
0, 2.07
2, 2.0829
5, 2.0831
3, 2.1029
14, 2.109
14, 2.1156
0, 2.1506
9, 2.171
6, 2.1863
9, 2.1865
5, 2.1889
3, 2.1937
6, 2.1993
4, 2.2219
10, 2.2495
18, 2.2575
14, 2.271
3, 2.2934
2, 2.3137
11, 2.3244
13, 2.355
7, 2.3712
13, 2.3921
4, 2.4005
15, 2.4253
16, 2.4297
17, 2.4311
19, 2.4392
18, 2.4552
2, 2.4553
3, 2.4648
2, 2.4693
9, 2.4707
6, 2.4729
8, 2.4732
1, 2.4797
0, 2.4956
4, 2.5049
2, 2.5177
14, 2.5195
18, 2.5237
19, 2.5295
6, 2.5525
17, 2.5595
7, 2.5642
18, 2.577
6, 2.5973
19, 2.6261
0, 2.636
15, 2.6411
17, 2.6573
9, 2.6773
13, 2.6796
14, 2.6894
17, 2.7007
8, 2.7126
6, 2.7152
6, 2.7454
10, 2.756
7, 2.758
14, 2.776
19, 2.7831
14, 2.7865
13, 2.7883
5, 2.8018
17, 2.8037
11, 2.8102
8, 2.8106
13, 2.8312
9, 2.8329
7, 2.8473
17, 2.8713
12, 2.8774
12, 2.8972
5, 2.899
6, 2.9223
5, 2.9295
19, 2.9297
5, 2.9636
11, 2.9754
9, 2.9869
15, 2.9999
17, 3.0053
13, 3.0438
6, 3.0571
17, 3.0737
8, 3.0976
14, 3.1117
12, 3.1125
18, 3.1173
17, 3.1268
6, 3.1331
17, 3.1378
1, 3.142
16, 3.1906
0, 3.1951
12, 3.2133
18, 3.2248
1, 3.2328
8, 3.2485
4, 3.2644
1, 3.2668
2, 3.282
3, 3.2835
19, 3.2946
5, 3.2953
5, 3.3141
12, 3.3145
3, 3.3191
13, 3.3349
15, 3.3361
8, 3.3486
9, 3.3583
17, 3.3637
2, 3.3815
19, 3.4228
16, 3.423
15, 3.4355
13, 3.452
12, 3.4781
8, 3.4783
0, 3.4902
14, 3.4941
14, 3.5008
12, 3.5297
16, 3.5297
18, 3.5361
6, 3.5388
4, 3.5605
19, 3.5609
10, 3.5635
12, 3.5696
10, 3.5758
14, 3.5789
7, 3.5923
13, 3.6206
5, 3.6209
12, 3.6298
3, 3.6488
18, 3.6566
10, 3.6645
4, 3.6768
4, 3.7085
2, 3.7185
7, 3.7436
19, 3.7451
2, 3.7602
1, 3.7649
15, 3.7854
1, 3.7889
6, 3.8007
19, 3.8015
12, 3.8053
7, 3.8148
10, 3.822
12, 3.8234
2, 3.8611
4, 3.8653
17, 3.8852
14, 3.8884
10, 3.8892
8, 3.8934
1, 3.9089
15, 3.9171
7, 3.9279
6, 3.9319
6, 3.9376
1, 3.9404
2, 3.9507
14, 3.9513
7, 3.9618
9, 3.9774
7, 3.9869
0, 3.9878
18, 3.9968
16, 4.0015
19, 4.0108
10, 4.0128
16, 4.0309
15, 4.0336
3, 4.0458
2, 4.0467
11, 4.0646
1, 4.0651
14, 4.07
2, 4.0805
12, 4.1154
18, 4.1173
16, 4.1175
10, 4.1417
18, 4.1507
14, 4.1639
0, 4.1902
14, 4.193
0, 4.202
11, 4.2246
7, 4.239
17, 4.244
5, 4.2465
11, 4.2646
15, 4.2727
3, 4.2959
12, 4.3028
7, 4.3166
1, 4.3225
5, 4.3605
11, 4.3643
13, 4.3708
2, 4.3808
8, 4.4091
16, 4.4187
2, 4.4217
7, 4.4367
19, 4.4442
7, 4.4526
7, 4.4594
2, 4.4696
17, 4.4762
19, 4.4949
13, 4.5073
5, 4.5081
18, 4.5173
16, 4.52
5, 4.5224
11, 4.5226
5, 4.5389
6, 4.5404
13, 4.5448
19, 4.5564
17, 4.573
13, 4.5734
9, 4.5803
3, 4.5822
11, 4.5903
19, 4.5937
5, 4.6039
3, 4.6075
1, 4.6147
11, 4.6149
7, 4.6353
15, 4.6383
9, 4.6542
0, 4.6591
3, 4.6597
11, 4.661
18, 4.6691
13, 4.6694
14, 4.6817
0, 4.6888
14, 4.6949
17, 4.6988
13, 4.699
12, 4.7111
14, 4.7125
19, 4.7225
17, 4.7237
14, 4.7269
0, 4.7306
6, 4.7309
9, 4.7319
17, 4.7493
18, 4.7507
0, 4.7648
6, 4.7754
19, 4.7833
16, 4.795
5, 4.8159
3, 4.826
16, 4.8283
3, 4.8503
1, 4.852
10, 4.8566
7, 4.8666
14, 4.8684
2, 4.8687
5, 4.8876
16, 4.8964
19, 4.8997
8, 4.9125
2, 4.9139
19, 4.9175
15, 4.9315
9, 4.9498
0, 4.9619
13, 4.9656
10, 4.9726
4, 4.9812
5, 4.9848
19, 4.9877
0, 5.0015
5, 5.0015
8, 5.0015
11, 5.0031
15, 5.0148
1, 5.0284
16, 5.0373
0, 5.0508
2, 5.0887
18, 5.1105
0, 5.1134
4, 5.1226
10, 5.1248
8, 5.1316
7, 5.1389
4, 5.1544
19, 5.1659
18, 5.1739
7, 5.1743
4, 5.1761
6, 5.1826
16, 5.184
6, 5.1912
10, 5.2029
1, 5.2031
12, 5.2066
10, 5.229
18, 5.2304
12, 5.2497
1, 5.2547
2, 5.2595
17, 5.26
5, 5.2695
7, 5.2701
0, 5.2934
6, 5.3229
3, 5.3499
3, 5.359
15, 5.3596
12, 5.3646
6, 5.3747
4, 5.4002
8, 5.408
19, 5.4241
7, 5.4252
12, 5.4325
4, 5.4397
7, 5.4411
18, 5.4659
4, 5.4691
13, 5.4991
0, 5.5076
19, 5.5076
17, 5.5233
4, 5.5459
5, 5.5487
7, 5.5527
4, 5.5661
3, 5.5726
15, 5.5773
13, 5.5974
1, 5.6067
9, 5.6137
5, 5.6288
19, 5.6322
18, 5.6341
13, 5.6372
0, 5.68
7, 5.6913
18, 5.7024
14, 5.7057
19, 5.7206
15, 5.7386
3, 5.7424
5, 5.7446
17, 5.7665
9, 5.7951
11, 5.8093
16, 5.8133
14, 5.8135
14, 5.8274
8, 5.8408
1, 5.8595
14, 5.8631
15, 5.8864
2, 5.8885
11, 5.9029
17, 5.9301
16, 5.9366
8, 5.9414
19, 5.9416
2, 5.9727
14, 5.9735
18, 5.9809
13, 5.9875
19, 5.9974
11, 6.001
13, 6.0057
10, 6.0205
17, 6.0233
0, 6.0392
9, 6.0409
14, 6.0614
18, 6.0711
10, 6.0781
10, 6.0833
6, 6.0835
15, 6.0881
19, 6.1005
6, 6.11
4, 6.1105
11, 6.1174
19, 6.1326
14, 6.1462
15, 6.149
13, 6.1516
12, 6.152
7, 6.1556
10, 6.183
15, 6.1996
1, 6.2007
8, 6.2019
17, 6.2137
12, 6.2305
9, 6.2421
15, 6.2724
5, 6.2771
11, 6.2886
14, 6.2959
9, 6.2992
2, 6.3037
17, 6.3107
6, 6.3171
16, 6.318
9, 6.3272
1, 6.3304
10, 6.3398
3, 6.3417
1, 6.3457
7, 6.3612
12, 6.3648
11, 6.3658
7, 6.389
0, 6.3945
15, 6.4031
18, 6.4033
5, 6.4173
8, 6.4368
14, 6.4388
19, 6.4661
13, 6.4818
18, 6.4948
19, 6.5161
7, 6.5204
14, 6.5233
4, 6.537
7, 6.5459
1, 6.5503
11, 6.559
12, 6.5651
19, 6.582
3, 6.5983
17, 6.6051
0, 6.6199
5, 6.6276
15, 6.6321
14, 6.6472
2, 6.6523
6, 6.6555
14, 6.6557
12, 6.6657
16, 6.6691
1, 6.6797
3, 6.6839
10, 6.6964
19, 6.7031
17, 6.7312
19, 6.7314
4, 6.7566
14, 6.7672
15, 6.7782
7, 6.7803
8, 6.7865
10, 6.7881
19, 6.7981
8, 6.8104
8, 6.8177
8, 6.8436
17, 6.8732
11, 6.8756
14, 6.8831
1, 6.8837
0, 6.8981
4, 6.8984
2, 6.8998
2, 6.9379
6, 6.9381
15, 6.9411
9, 6.9443
0, 6.95
10, 6.9552
16, 6.9665
5, 6.9702
16, 7.0063
6, 7.0208
3, 7.0277
3, 7.0378
9, 7.0395
6, 7.0815
18, 7.1145
12, 7.1159
19, 7.1163
14, 7.1341
7, 7.1439
4, 7.1451
3, 7.174
2, 7.1826
17, 7.1941
16, 7.2152
10, 7.2255
2, 7.2266
12, 7.2612
5, 7.277
10, 7.3019
15, 7.3037
2, 7.3088
17, 7.3097
5, 7.3362
18, 7.3419
3, 7.3446
17, 7.3654
9, 7.3711
1, 7.3731
10, 7.3771
19, 7.3875
17, 7.4042
16, 7.4047
6, 7.414
4, 7.4167
19, 7.4168
15, 7.4417
7, 7.4672
19, 7.4717
1, 7.4764
8, 7.4881
11, 7.505
14, 7.5086
0, 7.5103
13, 7.5245
3, 7.5385
16, 7.5668
4, 7.5727
5, 7.5776
3, 7.5906
19, 7.6017
14, 7.6068
5, 7.6146
0, 7.6222
3, 7.6327
18, 7.6413
13, 7.6487
15, 7.6535
18, 7.6573
10, 7.6599
12, 7.6789
19, 7.6911
14, 7.6969
9, 7.7152
1, 7.7233
8, 7.7373
16, 7.7387
1, 7.7452
14, 7.7521
1, 7.7656
15, 7.7731
2, 7.7827
18, 7.7999
9, 7.8166
8, 7.8356
4, 7.8357
5, 7.8498
16, 7.8546
18, 7.8564
8, 7.8678
19, 7.8731
10, 7.8753
0, 7.9068
8, 7.9077
5, 7.9107
4, 7.9271
10, 7.949
4, 7.9592
12, 7.9619
10, 7.9777
3, 7.9882
6, 7.9959
17, 8.0096
4, 8.0122
5, 8.0134
2, 8.0145
14, 8.0183
16, 8.0344
13, 8.0398
2, 8.0461
6, 8.0666
3, 8.0724
19, 8.0824
3, 8.0956
14, 8.0963
19, 8.1307
13, 8.142
18, 8.1479
12, 8.1493
3, 8.1847
2, 8.1871
4, 8.1929
6, 8.2293
15, 8.2419
3, 8.2666
12, 8.2888
10, 8.3047
1, 8.323
2, 8.3288
15, 8.3307
3, 8.3405
13, 8.3691
6, 8.3956
17, 8.413
12, 8.4139
16, 8.4179
5, 8.4183
14, 8.4185
12, 8.4224
14, 8.4368
11, 8.4475
19, 8.4686
15, 8.4737
1, 8.4863
14, 8.4947
2, 8.4983
2, 8.5122
15, 8.5339
7, 8.5493
1, 8.5697
13, 8.5796
9, 8.591
11, 8.6001
1, 8.6174
3, 8.6188
9, 8.6391
14, 8.6471
17, 8.653
6, 8.6549
0, 8.6624
18, 8.663
19, 8.707
6, 8.708
15, 8.7264
1, 8.7297
0, 8.7366
19, 8.7449
0, 8.7462
6, 8.7462
16, 8.7463
6, 8.7644
2, 8.7819
19, 8.7949
0, 8.8106
10, 8.8172
3, 8.8209
12, 8.8436
4, 8.8456
17, 8.852
12, 8.8522
2, 8.8594
11, 8.879
19, 8.8839
16, 8.8982
14, 8.9009
13, 8.9086
12, 8.92
16, 8.9208
1, 8.9222
5, 8.9316
0, 8.9733
5, 8.9761
1, 8.9792
5, 8.9959
16, 8.9967
8, 8.9975
12, 9.0195
0, 9.0214
17, 9.0225
12, 9.0424
9, 9.0463
19, 9.0575
11, 9.059
10, 9.0683
4, 9.0808
0, 9.1079
11, 9.1118
5, 9.1257
15, 9.1299
17, 9.1327
5, 9.1403
15, 9.1705
4, 9.1739
15, 9.1846
1, 9.1957
0, 9.2179
9, 9.2271
0, 9.2533
10, 9.2619
6, 9.2673
12, 9.2697
16, 9.2823
15, 9.2887
2, 9.3075
5, 9.3272
13, 9.3285
5, 9.3427
2, 9.3524
18, 9.3555
13, 9.39
5, 9.3919
18, 9.3942
2, 9.4193
2, 9.424
15, 9.4834
4, 9.4855
5, 9.4879
10, 9.4902
16, 9.5004
3, 9.5064
12, 9.5107
0, 9.5141
1, 9.5187
15, 9.5259
4, 9.5336
13, 9.5382
1, 9.5524
7, 9.5562
4, 9.5567
16, 9.5619
18, 9.5627
8, 9.5821
16, 9.5843
14, 9.5959
11, 9.608
13, 9.6086
2, 9.6161
14, 9.6307
2, 9.6357
16, 9.6517
15, 9.6563
6, 9.6567
3, 9.6622
15, 9.6625
19, 9.6646
18, 9.6672
5, 9.677
7, 9.6977
2, 9.7072
15, 9.7126
19, 9.7204
8, 9.7222
17, 9.728
8, 9.7356
11, 9.7432
18, 9.7458
13, 9.7476
14, 9.7525
2, 9.7597
11, 9.7607
15, 9.7868
4, 9.7949
10, 9.8183
17, 9.8193
8, 9.82
16, 9.8218
6, 9.8303
5, 9.8355
12, 9.853
9, 9.8579
16, 9.8833
13, 9.8882
19, 9.9111
8, 9.9311
1, 9.9471
19, 9.9542
14, 9.9595
0, 9.9608
0, 9.9681
18, 9.9857
15, 9.9947
5, 10.0182
13, 10.0187
10, 10.0189
17, 10.0266
8, 10.0431
7, 10.0524
15, 10.0553
14, 10.0562
7, 10.073
4, 10.0737
4, 10.0841
2, 10.0923
1, 10.0992
9, 10.1197
2, 10.1199
10, 10.1431
18, 10.1477
15, 10.1599
3, 10.1716
0, 10.1805
10, 10.1878
18, 10.1985
9, 10.2061
8, 10.2182
9, 10.2288
11, 10.2401
6, 10.2455
19, 10.2529
4, 10.2628
4, 10.2791
1, 10.2912
19, 10.3084
19, 10.3165
10, 10.3222
5, 10.3406
9, 10.3606
5, 10.383
9, 10.3906
10, 10.3977
10, 10.4097
6, 10.4128
3, 10.4422
17, 10.4489
12, 10.4523
19, 10.4566
18, 10.4568
16, 10.4679
9, 10.4796
17, 10.5036
17, 10.5177
19, 10.5356
11, 10.5362
8, 10.5383
0, 10.5401
9, 10.5469
1, 10.5644
3, 10.5684
7, 10.5719
8, 10.5743
6, 10.6027
0, 10.6206
2, 10.6225
6, 10.6227
13, 10.6359
16, 10.6416
8, 10.6579
14, 10.6606
16, 10.661
19, 10.6839
0, 10.6889
15, 10.6954
3, 10.6983
1, 10.7017
13, 10.7097
3, 10.7265
13, 10.7297
6, 10.7563
3, 10.7675
2, 10.7795
2, 10.7839
10, 10.7904
16, 10.8012
18, 10.8154
18, 10.8266
0, 10.8417
13, 10.8487
12, 10.8514
0, 10.8667
17, 10.8667
0, 10.8915
18, 10.8932
8, 10.8975
2, 10.9065
16, 10.9065
3, 10.9112
13, 10.9193
18, 10.92
19, 10.9391
17, 10.9463
15, 10.9505
13, 10.9625
9, 10.9721
10, 10.9786
9, 11.0078
9, 11.0215
3, 11.0369
8, 11.0466
19, 11.0529
3, 11.0649
16, 11.0711
5, 11.0851
4, 11.0894
6, 11.09
9, 11.1262
17, 11.1287
3, 11.1501
13, 11.1509
12, 11.1524
2, 11.1707
8, 11.1776
2, 11.1805
13, 11.2192
11, 11.2252
7, 11.2322
19, 11.2407
8, 11.2431
9, 11.2549
2, 11.263
13, 11.2665
5, 11.2773
7, 11.2913
6, 11.3025
5, 11.333
10, 11.3386
19, 11.3389
2, 11.3533
19, 11.3549
4, 11.3646
13, 11.371
12, 11.3715
6, 11.3911
9, 11.3939
12, 11.4038
4, 11.4045
15, 11.4172
17, 11.4261
7, 11.4412
0, 11.4459
1, 11.4572
17, 11.4671
14, 11.4829
16, 11.4944
18, 11.4948
12, 11.5128
17, 11.5152
3, 11.5166
5, 11.5282
1, 11.5443
4, 11.5663
14, 11.5704
6, 11.577
2, 11.5864
19, 11.6126
14, 11.6282
8, 11.6389
18, 11.6392
1, 11.6411
15, 11.6452
10, 11.6867
19, 11.6919
4, 11.6923
17, 11.6927
7, 11.7011
12, 11.7148
1, 11.7191
13, 11.7384
15, 11.739
17, 11.7475
16, 11.7626
17, 11.7728
11, 11.7813
4, 11.7881
11, 11.7946
9, 11.8126
19, 11.8142
5, 11.825
8, 11.8435
18, 11.8524
6, 11.8667
6, 11.8821
18, 11.8828
15, 11.8854
10, 11.8912
9, 11.9146
13, 11.9238
16, 11.9239
4, 11.9279
6, 11.9395
4, 11.9433
14, 11.9573
2, 11.9637
8, 11.9676
8, 11.9851
5, 12.0109
0, 12.014
1, 12.029
15, 12.0331
4, 12.0438
9, 12.0628
2, 12.0657
13, 12.081
17, 12.0845
8, 12.0917
1, 12.0988
12, 12.1197
7, 12.1255
0, 12.1321
14, 12.1438
10, 12.1557
13, 12.1643
8, 12.1721
5, 12.1937
17, 12.207
9, 12.2134
14, 12.2137
1, 12.2269
19, 12.2336
15, 12.2518
18, 12.2529
8, 12.2658
11, 12.2663
18, 12.2718
8, 12.2732
15, 12.2782
19, 12.2872
19, 12.3109
9, 12.3195
1, 12.3342
9, 12.3435
14, 12.3569
8, 12.3631
4, 12.3738
11, 12.3867
5, 12.398
19, 12.4182
12, 12.4208
3, 12.4464
15, 12.4607
6, 12.4739
19, 12.4904
7, 12.4979
14, 12.4995
19, 12.5006
16, 12.5158
12, 12.5259
0, 12.5266
19, 12.5291
16, 12.5564
16, 12.5761
2, 12.5822
13, 12.5874
12, 12.5877
2, 12.5905
18, 12.6023
8, 12.6224
19, 12.6266
5, 12.6361
8, 12.6426
4, 12.6479
7, 12.6568
12, 12.67
9, 12.6802
14, 12.6928
1, 12.698
18, 12.7035
0, 12.713
11, 12.7282
17, 12.7443
11, 12.7502
3, 12.7573
6, 12.7954
0, 12.8003
6, 12.8055
18, 12.8082
12, 12.8093
17, 12.8104
6, 12.8204
3, 12.837
3, 12.8521
7, 12.87
14, 12.8724
7, 12.8799
11, 12.8878
12, 12.8904
4, 12.9187
6, 12.9213
5, 12.9258
5, 12.9355
8, 12.952
10, 12.9702
17, 12.9717
8, 12.9782
12, 12.9786
0, 12.9946
15, 13.0065
10, 13.0292
11, 13.0502
9, 13.0604
15, 13.0695
2, 13.0807
6, 13.1025
17, 13.112
3, 13.1176
7, 13.1244
6, 13.1335
4, 13.1453
16, 13.1547
5, 13.1679
17, 13.1732
7, 13.1882
4, 13.2023
10, 13.2041
19, 13.2046
0, 13.2151
11, 13.2285
9, 13.2393
16, 13.242
5, 13.2449
17, 13.2636
1, 13.2827
2, 13.2834
5, 13.2976
14, 13.2979
1, 13.3035
6, 13.3331
9, 13.3533
8, 13.3553
5, 13.3699
3, 13.3982
18, 13.3989
4, 13.4068
19, 13.4274
8, 13.4385
17, 13.4417
5, 13.4476
0, 13.4578
8, 13.4779
9, 13.5001
6, 13.5212
6, 13.529
9, 13.5392
11, 13.5395
10, 13.5403
12, 13.5744
10, 13.5793
6, 13.5859
18, 13.6005
14, 13.609
11, 13.6096
15, 13.6104
11, 13.6251
14, 13.6385
7, 13.6611
10, 13.6796
19, 13.681
5, 13.6955
9, 13.6982
13, 13.7098
11, 13.7155
11, 13.7317
10, 13.7439
7, 13.7559
18, 13.7584
4, 13.7736
0, 13.8041
18, 13.8104
8, 13.8272
9, 13.8311
10, 13.8535
0, 13.8632
3, 13.873
5, 13.8748
7, 13.8839
13, 13.8961
15, 13.9051
3, 13.9058
14, 13.9165
13, 13.9285
3, 13.9419
13, 13.9624
16, 13.9656
8, 13.9865
14, 13.9981
10, 14.0057
19, 14.008
1, 14.019
2, 14.0202
7, 14.0406
12, 14.0429
16, 14.0488
12, 14.0518
7, 14.0704
19, 14.0971
17, 14.0982
17, 14.1064
5, 14.1072
6, 14.1212
14, 14.1226
11, 14.1387
0, 14.1409
13, 14.1484
8, 14.1556
9, 14.1667
19, 14.1741
6, 14.1774
16, 14.1776
18, 14.1869
2, 14.1891
5, 14.2075
4, 14.2225
13, 14.2277
19, 14.2451
2, 14.2531
0, 14.2541
8, 14.2896
17, 14.3322
15, 14.3414
12, 14.3727
13, 14.3836
9, 14.384
18, 14.3942
3, 14.4186
19, 14.4394
9, 14.4424
17, 14.4512
11, 14.4642
12, 14.4657
15, 14.4691
19, 14.4776
13, 14.4963
13, 14.5017
12, 14.5051
18, 14.5131
6, 14.5238
4, 14.5332
7, 14.5393
19, 14.5425
5, 14.5449
14, 14.548
2, 14.5575
2, 14.5674
0, 14.5715
16, 14.5817
9, 14.5938
11, 14.595
14, 14.605
10, 14.6119
5, 14.615
18, 14.6175
1, 14.6303
18, 14.6385
8, 14.6423
3, 14.6444
17, 14.6484
11, 14.6486
19, 14.6625
14, 14.6697
16, 14.6699
17, 14.6805
12, 14.6916
16, 14.6937
10, 14.7036
3, 14.7095
12, 14.7096
17, 14.7157
2, 14.7188
11, 14.7205
7, 14.7232
0, 14.7471
9, 14.7518
12, 14.7538
9, 14.761
12, 14.7673
6, 14.7822
1, 14.7861
6, 14.8121
9, 14.8198
0, 14.8312
13, 14.8333
8, 14.8476
10, 14.872
2, 14.877
5, 14.8772
10, 14.8835
13, 14.9033
10, 14.9063
7, 14.9067
4, 14.9218
2, 14.9344
18, 14.9423
2, 14.9633
17, 14.9636
15, 14.9639
3, 14.9939
15, 15.0043
12, 15.0055
7, 15.0315
3, 15.0316
16, 15.0507
8, 15.0537
19, 15.0586
18, 15.0881
1, 15.0948
8, 15.1026
13, 15.1125
7, 15.1201
2, 15.1299
4, 15.13
15, 15.1314
4, 15.1403
1, 15.1408
2, 15.1437
19, 15.1731
11, 15.1872
14, 15.1879
16, 15.1916
9, 15.2052
16, 15.2078
0, 15.2102
14, 15.2326
1, 15.2398
19, 15.2883
9, 15.2906
12, 15.2918
4, 15.297
3, 15.3245
5, 15.3386
19, 15.3426
4, 15.3542
9, 15.3799
14, 15.408
6, 15.4134
12, 15.427
8, 15.439
16, 15.4748
10, 15.4762
2, 15.4782
0, 15.4956
1, 15.5046
4, 15.5074
15, 15.5275
3, 15.5365
0, 15.5436
16, 15.5651
19, 15.5679
9, 15.5779
1, 15.5893
17, 15.5973
16, 15.6144
15, 15.6208
9, 15.6446
8, 15.6476
6, 15.665
7, 15.6653
4, 15.6707
17, 15.6786
6, 15.6908
7, 15.7006
11, 15.7026
15, 15.7057
9, 15.7206
12, 15.7278
1, 15.7343
3, 15.7509
16, 15.7627
11, 15.7809
1, 15.7921
7, 15.8061
11, 15.8071
2, 15.8081
9, 15.8133
1, 15.8166
16, 15.8253
14, 15.8423
1, 15.8435
4, 15.863
19, 15.8735
16, 15.8824
17, 15.9041
8, 15.9049
8, 15.9187
18, 15.9257
11, 15.9324
4, 15.9384
11, 15.9574
12, 15.9714
10, 15.9845
0, 15.9948
1, 16.0058
9, 16.017
10, 16.0332
17, 16.0401
11, 16.0653
3, 16.0654
19, 16.0743
10, 16.0961
13, 16.1208
14, 16.1211
12, 16.1224
2, 16.1471
10, 16.1484
16, 16.1498
13, 16.1538
10, 16.1783
2, 16.1819
16, 16.206
14, 16.2189
12, 16.2218
5, 16.2247
1, 16.2447
15, 16.2453
10, 16.2454
13, 16.2644
0, 16.2666
13, 16.2749
10, 16.2754
10, 16.2811
11, 16.2963
10, 16.3011
7, 16.3051
8, 16.3085
16, 16.3309
9, 16.3395
8, 16.3467
7, 16.3537
17, 16.3593
18, 16.3677
3, 16.3792
19, 16.3956
15, 16.3969
8, 16.4093
9, 16.4191
11, 16.423
18, 16.4375
18, 16.4443
19, 16.4451
15, 16.4457
5, 16.4461
18, 16.4706
11, 16.4849
12, 16.4891
1, 16.4938
6, 16.5109
15, 16.5137
1, 16.5181
19, 16.5316
2, 16.5433
6, 16.5506
14, 16.5668
9, 16.5679
15, 16.569
9, 16.5827
7, 16.5907
13, 16.5907
9, 16.6003
19, 16.6068
5, 16.6306
14, 16.6306
0, 16.6438
2, 16.6504
0, 16.6532
14, 16.6695
10, 16.6864
5, 16.6917
12, 16.6923
14, 16.7057
3, 16.7231
1, 16.7241
14, 16.7279
11, 16.7518
12, 16.7592
6, 16.7599
4, 16.7728
9, 16.7817
4, 16.8105
10, 16.8129
8, 16.8266
10, 16.8358
18, 16.8477
9, 16.8543
18, 16.8567
8, 16.8651
3, 16.87
17, 16.8842
4, 16.8904
15, 16.8953
11, 16.9245
19, 16.9249
12, 16.944
6, 16.947
2, 16.9505
1, 16.9576
3, 16.9709
12, 16.987
13, 16.9887
2, 16.9945
5, 17.0041
4, 17.0176
8, 17.0255
1, 17.0263
13, 17.029
10, 17.0499
5, 17.0513
17, 17.0597
5, 17.0677
9, 17.0813
1, 17.0919
16, 17.0937
9, 17.0944
10, 17.0975
13, 17.1033
0, 17.1212
18, 17.1358
2, 17.1496
17, 17.1527
0, 17.1554
16, 17.1671
6, 17.1754
7, 17.2004
17, 17.2015
9, 17.2167
4, 17.217
8, 17.2245
5, 17.2452
9, 17.2602
2, 17.2841
8, 17.2845
8, 17.2945
15, 17.298
15, 17.3186
3, 17.3441
16, 17.3496
13, 17.3514
0, 17.3645
9, 17.373
2, 17.3925
4, 17.3959
7, 17.3976
12, 17.4258
5, 17.4428
15, 17.4455
15, 17.4569
5, 17.4608
3, 17.4673
0, 17.4794
11, 17.4927
8, 17.5008
10, 17.5135
19, 17.5162
9, 17.5413
2, 17.5484
16, 17.5572
15, 17.5614
8, 17.5713
19, 17.5713
9, 17.5886
15, 17.606
15, 17.615
11, 17.6329
9, 17.6332
17, 17.6416
14, 17.6614
15, 17.6711
11, 17.6955
9, 17.7022
19, 17.7107
12, 17.719
15, 17.7236
17, 17.7583
1, 17.7615
15, 17.768
14, 17.7711
8, 17.7724
3, 17.795
10, 17.7985
4, 17.8054
18, 17.8143
7, 17.8162
19, 17.8307
18, 17.8427
19, 17.8436
7, 17.852
5, 17.8553
12, 17.882
18, 17.8972
6, 17.9289
1, 17.9298
11, 17.9414
12, 17.9481
4, 17.9715
8, 17.9736
7, 17.9741
0, 17.9979
4, 17.9981
12, 18.0025
14, 18.0032
2, 18.0033
12, 18.0237
17, 18.0257
6, 18.0324
3, 18.0369
5, 18.0487
1, 18.0533
15, 18.0556
14, 18.067
9, 18.0761
7, 18.0823
5, 18.0929
4, 18.1076
14, 18.1092
1, 18.1222
16, 18.1244
1, 18.1471
10, 18.1515
17, 18.1549
18, 18.1746
9, 18.1789
6, 18.1885
0, 18.2235
19, 18.2257
5, 18.235
12, 18.2664
1, 18.2807
16, 18.2923
2, 18.2934
1, 18.2984
9, 18.3157
1, 18.3164
19, 18.3189
14, 18.3352
9, 18.3522
15, 18.3584
12, 18.3671
11, 18.3698
12, 18.3889
12, 18.395
13, 18.397
3, 18.4148
3, 18.4282
11, 18.4294
16, 18.4418
11, 18.4595
0, 18.4597
6, 18.4652
5, 18.4724
3, 18.476
2, 18.4912
17, 18.5156
13, 18.5331
11, 18.5333
9, 18.5457
18, 18.5499
17, 18.5669
14, 18.5713
3, 18.5817
4, 18.5983
13, 18.6117
15, 18.6173
18, 18.618
4, 18.6515
19, 18.6831
17, 18.6835
4, 18.7236
9, 18.7293
18, 18.7347
14, 18.7372
15, 18.7385
11, 18.7423
7, 18.747
4, 18.7556
3, 18.7629
17, 18.7719
7, 18.7751
13, 18.7798
13, 18.7861
1, 18.8095
12, 18.8133
18, 18.8304
16, 18.8349
14, 18.8474
7, 18.8929
16, 18.8954
18, 18.9046
16, 18.9099
10, 18.9135
11, 18.9166
10, 18.9265
19, 18.9458
1, 18.9562
17, 18.9607
6, 18.9677
10, 18.9805
18, 18.9946
16, 18.9968
5, 19.0006
6, 19.007
11, 19.0197
14, 19.043
15, 19.0435
8, 19.0515
2, 19.0807
19, 19.1022
11, 19.1035
0, 19.1053
3, 19.1252
12, 19.1337
6, 19.1358
18, 19.1365
14, 19.1449
1, 19.175
0, 19.1794
14, 19.1822
2, 19.1869
1, 19.1894
15, 19.2065
2, 19.2071
0, 19.2134
4, 19.2184
6, 19.233
5, 19.2467
14, 19.2802
9, 19.2829
18, 19.3031
3, 19.3156
10, 19.3159
4, 19.3554
9, 19.3659
9, 19.3742
3, 19.3762
11, 19.3887
14, 19.3912
7, 19.3947
3, 19.4147
5, 19.4464
15, 19.4573
13, 19.4641
12, 19.4762
6, 19.4822
2, 19.4848
3, 19.4973
5, 19.4976
11, 19.5095
16, 19.5118
10, 19.5289
14, 19.5466
7, 19.5513
18, 19.5515
3, 19.5592
8, 19.5702
13, 19.5739
1, 19.5815
11, 19.6057
4, 19.6066
10, 19.6066
1, 19.6099
16, 19.6169
12, 19.6183
16, 19.6319
4, 19.6321
7, 19.6419
4, 19.6424
0, 19.6448
8, 19.6471
16, 19.65
11, 19.6508
4, 19.6548
5, 19.657
19, 19.6575
0, 19.6606
11, 19.6606
9, 19.6658
13, 19.6688
19, 19.67
7, 19.6715
15, 19.6734
9, 19.6786
13, 19.6805
5, 19.681
6, 19.6844
14, 19.6849
4, 19.6882
17, 19.6901
3, 19.6935
5, 19.6941
9, 19.6985
15, 19.7003
1, 19.7011
18, 19.7025
0, 19.7046
7, 19.7056
5, 19.7059
8, 19.7062
2, 19.7126
5, 19.7131
15, 19.7131
1, 19.7145
7, 19.7179
13, 19.7238
5, 19.7247
1, 19.7258
10, 19.7259
3, 19.7304
12, 19.7304
17, 19.7317
14, 19.7339
0, 19.7392
3, 19.7421
9, 19.7422
10, 19.7458
4, 19.7482
6, 19.7495
9, 19.7495
18, 19.7501
3, 19.7564
10, 19.7574
5, 19.7598
8, 19.7613
7, 19.7646
13, 19.7667
16, 19.7679
10, 19.7706
6, 19.7712
0, 19.7755
5, 19.7797
17, 19.7826
16, 19.7835
3, 19.7864
0, 19.7908
8, 19.7913
12, 19.7932
1, 19.7995
18, 19.803
0, 19.8047
8, 19.8074
18, 19.8094
4, 19.8126
11, 19.8138
15, 19.814
12, 19.8192
14, 19.8199
7, 19.8271
5, 19.8298
2, 19.831
9, 19.8334
19, 19.8357
14, 19.8395
5, 19.8401
0, 19.8403
2, 19.8404
9, 19.8476
12, 19.8478
3, 19.855
17, 19.857
10, 19.8586
15, 19.8605
12, 19.863
8, 19.8643
6, 19.8646
1, 19.8737
18, 19.8737
4, 19.8799
10, 19.8834
12, 19.8883
8, 19.8895
4, 19.8947
7, 19.8949
1, 19.9009
18, 19.9027
13, 19.9038
18, 19.908
19, 19.9112
0, 19.9126
11, 19.9133
12, 19.9185
14, 19.9213
17, 19.9228
7, 19.9236
3, 19.9266
10, 19.9267
14, 19.9287
19, 19.9291
8, 19.9314
5, 19.9395
17, 19.9407
6, 19.9553
16, 19.9578
8, 19.961
10, 19.9704
15, 19.9715
1, 19.9719
3, 19.9776
8, 19.9778
18, 19.9788
19, 19.9938
8, 19.9944
14, 19.9957
17, 19.997
3, 19.9982
11, 20.0034
5, 20.0141
3, 20.0151
1, 20.0156
18, 20.0226
7, 20.0342
1, 20.0362
12, 20.0389
12, 20.0473
15, 20.051
7, 20.0619
19, 20.0636
6, 20.0756
5, 20.0763
12, 20.0812
0, 20.0888
9, 20.0895
8, 20.1054
2, 20.1075
17, 20.1164
3, 20.1288
19, 20.1377
12, 20.1479
4, 20.1481
17, 20.1551
9, 20.1793
2, 20.1821
7, 20.1898
17, 20.1916
0, 20.2039
15, 20.2048
2, 20.2127
4, 20.2354
9, 20.2393
5, 20.2551
13, 20.2554
10, 20.2854
18, 20.2862
2, 20.3024
10, 20.3073
11, 20.3181
18, 20.3197
13, 20.3241
0, 20.3383
15, 20.3589
6, 20.3629
1, 20.3753
0, 20.3818
5, 20.3831
7, 20.3894
4, 20.3989
12, 20.4067
16, 20.419
1, 20.4198
15, 20.428
6, 20.4549
5, 20.4596
5, 20.4823
0, 20.4846
12, 20.4918
11, 20.4921
4, 20.4968
7, 20.5073
12, 20.5295
10, 20.547
3, 20.5593
12, 20.5617
7, 20.5705
8, 20.5892
8, 20.5986
4, 20.6098
6, 20.6157
7, 20.6168
15, 20.6262
2, 20.6366
9, 20.6374
5, 20.6451
10, 20.6507
9, 20.656
7, 20.6575
19, 20.6577
2, 20.6647
0, 20.6739
10, 20.6926
17, 20.7111
1, 20.7126
8, 20.7229
19, 20.7348
10, 20.7462
3, 20.7522
4, 20.7625
19, 20.7656
2, 20.7723
11, 20.7901
10, 20.7912
19, 20.796
17, 20.8069
10, 20.816
4, 20.8458
14, 20.8506
9, 20.8526
1, 20.8691
14, 20.8702
19, 20.8735
16, 20.8815
0, 20.8997
19, 20.9028
14, 20.9069
8, 20.9235
8, 20.9266
8, 20.9314
11, 20.9345
14, 20.9493
7, 20.9572
17, 20.9674
6, 20.9712
11, 20.9849
13, 20.9864
12, 21.0056
8, 21.0181
17, 21.0326
9, 21.0373
1, 21.0404
13, 21.0636
11, 21.0738
4, 21.0793
8, 21.0822
11, 21.0911
15, 21.102
3, 21.108
6, 21.1177
2, 21.1256
11, 21.1353
11, 21.1534
7, 21.1537
6, 21.1687
3, 21.1826
13, 21.1828
15, 21.1941
15, 21.2185
5, 21.2294
3, 21.2296
9, 21.2331
10, 21.2497
7, 21.2501
16, 21.2513
3, 21.2654
11, 21.282
19, 21.2821
5, 21.2841
14, 21.2863
19, 21.3057
19, 21.3148
3, 21.3291
16, 21.3499
15, 21.3664
7, 21.3784
11, 21.3851
11, 21.3918
13, 21.4135
8, 21.4158
12, 21.417
2, 21.435
18, 21.4441
10, 21.4452
15, 21.46
11, 21.47
10, 21.4883
7, 21.4891
19, 21.4911
1, 21.4998
13, 21.5
13, 21.5152
9, 21.5474
14, 21.5477
8, 21.5618
3, 21.5686
2, 21.5778
1, 21.5945
18, 21.6022
12, 21.6111
5, 21.6228
12, 21.6256
17, 21.6292
0, 21.6528
10, 21.6697
4, 21.6832
18, 21.6961
17, 21.7023
0, 21.7136
18, 21.7243
3, 21.727
13, 21.7332
8, 21.7649
13, 21.765
10, 21.7739
9, 21.7759
8, 21.7859
19, 21.7872
9, 21.8173
18, 21.8193
16, 21.8225
1, 21.8412
1, 21.8569
19, 21.8591
5, 21.868
9, 21.8702
17, 21.8727
1, 21.8971
2, 21.8974
2, 21.9215
11, 21.923
14, 21.9307
2, 21.9783
0, 21.9958
12, 22.0002
6, 22.0051
4, 22.0168
8, 22.0171
3, 22.0195
15, 22.0634
18, 22.0652
10, 22.0727
7, 22.0783
0, 22.087
15, 22.099
15, 22.1071
10, 22.1132
7, 22.1151
11, 22.1274
7, 22.1421
14, 22.1631
5, 22.1711
13, 22.1967
18, 22.2002
4, 22.2059
13, 22.2082
5, 22.2188
18, 22.2198
7, 22.232
3, 22.2348
18, 22.2424
17, 22.2596
16, 22.2718
15, 22.2742
11, 22.2857
15, 22.303
6, 22.3121
2, 22.3319
3, 22.3338
2, 22.3524
18, 22.353
19, 22.3583
2, 22.3631
13, 22.3882
1, 22.3903
8, 22.3919
3, 22.4133
17, 22.4137
1, 22.4317
13, 22.4346
17, 22.4384
17, 22.4491
4, 22.4665
18, 22.4726
6, 22.487
16, 22.4953
5, 22.5127
12, 22.5183
1, 22.5233
18, 22.5336
9, 22.5397
11, 22.5459
4, 22.5592
10, 22.5606
7, 22.5773
0, 22.5788
11, 22.6031
16, 22.6096
16, 22.6186
16, 22.6233
11, 22.6397
14, 22.6398
16, 22.6435
12, 22.6456
17, 22.6679
7, 22.6922
11, 22.6952
8, 22.6994
18, 22.7187
0, 22.7245
12, 22.7312
15, 22.7338
7, 22.7482
2, 22.7584
17, 22.7711
6, 22.7811
14, 22.7972
17, 22.8076
8, 22.8264
12, 22.8408
9, 22.8444
3, 22.8468
18, 22.8648
5, 22.8812
12, 22.8976
7, 22.906
6, 22.912
15, 22.9142
13, 22.9283
16, 22.9326
2, 22.9331
2, 22.9445
9, 22.9531
9, 22.9595
17, 22.9657
5, 22.9784
19, 23.0062
3, 23.0072
14, 23.0139
17, 23.0226
19, 23.0377
3, 23.0424
5, 23.056
5, 23.0626
16, 23.0919
4, 23.0935
4, 23.1049
3, 23.1253
16, 23.1401
11, 23.1531
13, 23.1599
18, 23.1634
13, 23.1738
0, 23.1792
1, 23.1812
11, 23.1812
3, 23.1824
4, 23.2258
12, 23.2476
1, 23.2527
17, 23.2648
0, 23.2804
10, 23.2832
12, 23.2885
3, 23.2975
3, 23.3077
3, 23.3294
0, 23.3568
3, 23.3593
12, 23.3668
16, 23.3692
1, 23.379
11, 23.3922
5, 23.3971
9, 23.405
17, 23.4154
13, 23.4301
15, 23.4362
19, 23.4657
8, 23.4658
5, 23.4689
17, 23.4764
3, 23.4815
14, 23.4889
5, 23.4995
5, 23.513
4, 23.5191
2, 23.5329
8, 23.5401
6, 23.5414
9, 23.5586
18, 23.5624
4, 23.5924
2, 23.5989
9, 23.6148
10, 23.622
4, 23.6447
5, 23.667
12, 23.6767
16, 23.6839
14, 23.6968
17, 23.697
13, 23.7121
1, 23.7175
11, 23.7175
15, 23.7273
1, 23.7356
5, 23.7427
14, 23.7552
19, 23.759
4, 23.7667
9, 23.7736
7, 23.7762
16, 23.7862
10, 23.7935
12, 23.8132
19, 23.8169
14, 23.8306
10, 23.8382
7, 23.8515
3, 23.8846
0, 23.8862
13, 23.907
3, 23.9297
15, 23.932
10, 23.9323
6, 23.9416
15, 23.962
2, 23.9663
13, 23.9666
13, 23.9742
3, 23.9746
10, 24.0008
13, 24.0118
16, 24.0155
6, 24.0284
9, 24.0293
4, 24.0405
19, 24.0413
5, 24.0454
6, 24.0535
1, 24.0604
4, 24.0683
3, 24.0748
7, 24.0788
17, 24.0856
12, 24.0942
5, 24.123
3, 24.1271
5, 24.1335
6, 24.1413
7, 24.144
12, 24.1535
0, 24.1537
2, 24.1857
15, 24.1883
15, 24.1999
1, 24.2148
3, 24.219
17, 24.2523
18, 24.2536
8, 24.2846
4, 24.2898
6, 24.2925
2, 24.3076
1, 24.3081
10, 24.3322
17, 24.3332
0, 24.3368
2, 24.3523
19, 24.3523
16, 24.3734
1, 24.3889
13, 24.3954
9, 24.3987
5, 24.4023
8, 24.414
10, 24.4227
4, 24.4257
9, 24.426
8, 24.4314
6, 24.4564
15, 24.4725
4, 24.4735
14, 24.4832
16, 24.5026
0, 24.5039
17, 24.5353
7, 24.5425
18, 24.5626
7, 24.5655
12, 24.5663
17, 24.5902
16, 24.5903
0, 24.5915
13, 24.5958
5, 24.6037
3, 24.6099
1, 24.6114
9, 24.6145
4, 24.6205
18, 24.6242
17, 24.6267
2, 24.6335
13, 24.6337
11, 24.6349
19, 24.6353
14, 24.6388
6, 24.6447
3, 24.6484
7, 24.6487
11, 24.6501
16, 24.6512
9, 24.6517
6, 24.6544
12, 24.6607
7, 24.6615
11, 24.6638
0, 24.6696
12, 24.6724
4, 24.6749
15, 24.6756
18, 24.6756
19, 24.676
11, 24.6778
10, 24.6784
7, 24.6842
0, 24.6856
4, 24.6862
10, 24.6888
14, 24.6896
5, 24.6948
16, 24.7002
19, 24.7002
11, 24.7013
10, 24.7014
18, 24.7038
15, 24.7062
14, 24.7086
13, 24.7087
17, 24.7131
5, 24.7158
11, 24.7162
2, 24.717
10, 24.7184
7, 24.7223
12, 24.7241
13, 24.7251
18, 24.7274
19, 24.7322
0, 24.7328
1, 24.7335
7, 24.7335
13, 24.7383
9, 24.7416
2, 24.7461
1, 24.7485
7, 24.7492
18, 24.7494
8, 24.7525
16, 24.7542
13, 24.7612
2, 24.7613
3, 24.7627
17, 24.7647
19, 24.7663
16, 24.7695
3, 24.7705
18, 24.7726
10, 24.7743
12, 24.7746
2, 24.7856
13, 24.7861
19, 24.7868
8, 24.7883
6, 24.7896
13, 24.7966
9, 24.7984
15, 24.8013
14, 24.8036
17, 24.8044
0, 24.8085
14, 24.8116
6, 24.8124
10, 24.8206
3, 24.8211
9, 24.8254
5, 24.832
3, 24.8326
19, 24.8373
7, 24.8401
4, 24.8407
11, 24.8408
13, 24.8437
8, 24.8462
3, 24.8463
4, 24.8544
15, 24.8572
13, 24.8633
12, 24.8662
2, 24.8718
0, 24.8752
18, 24.8806
11, 24.8824
17, 24.8863
8, 24.8879
2, 24.8882
16, 24.8891
7, 24.8943
11, 24.8959
7, 24.8987
0, 24.8995
16, 24.907
7, 24.9136
2, 24.9153
16, 24.9166
15, 24.9184
13, 24.9196
7, 24.9293
15, 24.93
17, 24.9304
2, 24.9398
18, 24.9412
12, 24.9446
14, 24.9477
19, 24.9492
6, 24.9496
11, 24.9526
17, 24.9577
8, 24.9684
1, 24.9708
6, 24.9763
17, 24.9773
10, 24.9794
3, 24.9837
3, 24.9911
18, 24.9936
5, 24.998
17, 25.0026
15, 25.0036
6, 25.0101
0, 25.0111
17, 25.0133
4, 25.017
15, 25.0254
7, 25.0313
12, 25.0316
3, 25.0338
19, 25.0338
2, 25.0364
6, 25.0439
7, 25.0479
11, 25.0491
14, 25.0513
17, 25.0523
8, 25.0544
19, 25.0592
14, 25.0593
10, 25.0599
12, 25.0666
1, 25.0675
13, 25.0704
14, 25.0705
6, 25.0758
5, 25.0764
14, 25.0784
1, 25.08
16, 25.0858
15, 25.0867
7, 25.0916
6, 25.0936
1, 25.0978
6, 25.1053
9, 25.1134
16, 25.1137
7, 25.1156
4, 25.1212
14, 25.1247
10, 25.1256
2, 25.1283
3, 25.13
6, 25.1305
8, 25.135
14, 25.1376
7, 25.1403
4, 25.1414
15, 25.142
18, 25.1498
16, 25.1526
11, 25.1567
9, 25.1593
8, 25.161
15, 25.168
4, 25.1721
11, 25.1724
12, 25.1821
8, 25.1846
6, 25.1882
17, 25.1888
2, 25.1982
5, 25.1986
13, 25.2012
8, 25.204
5, 25.2098
18, 25.2102
18, 25.2204
8, 25.2248
1, 25.2282
14, 25.2282
7, 25.23
15, 25.2374
6, 25.2379
0, 25.2389
10, 25.2415
7, 25.2488
9, 25.2598
17, 25.2618
14, 25.2707
3, 25.2769
12, 25.279
0, 25.281
7, 25.2912
5, 25.2933
11, 25.2964
4, 25.3054
2, 25.3067
3, 25.307
8, 25.31
2, 25.3128
16, 25.3153
17, 25.3182
8, 25.3324
2, 25.3357
16, 25.3416
15, 25.3426
9, 25.3431
19, 25.3521
13, 25.3555
3, 25.3558
14, 25.357
4, 25.3624
0, 25.3629
5, 25.3656
5, 25.3705
19, 25.3747
14, 25.3765
7, 25.3786
3, 25.3866
7, 25.3867
8, 25.3886
5, 25.3924
11, 25.405
1, 25.4056
17, 25.4063
2, 25.4068
0, 25.4132
14, 25.4162
5, 25.4167
10, 25.4228
17, 25.428
7, 25.4313
1, 25.4356
8, 25.4376
16, 25.447
11, 25.449
0, 25.4502
4, 25.4519
9, 25.4536
19, 25.4607
8, 25.4656
18, 25.4657
5, 25.4675
9, 25.4774
5, 25.479
16, 25.479
2, 25.489
1, 25.4927
16, 25.4942
8, 25.4965
9, 25.5145
1, 25.515
19, 25.5152
16, 25.52
8, 25.5253
13, 25.5279
7, 25.5337
3, 25.5391
15, 25.541
11, 25.5427
9, 25.546
7, 25.5538
14, 25.5624
8, 25.564
19, 25.5648
4, 25.5656
0, 25.5687
11, 25.5692
9, 25.5757
12, 25.5812
10, 25.5818
13, 25.5833
13, 25.5917
12, 25.5996
1, 25.6004
15, 25.6019
15, 25.6106
16, 25.6108
9, 25.6149
6, 25.615
13, 25.6228
7, 25.6285
13, 25.6301
12, 25.6328
8, 25.6339
5, 25.6404
10, 25.6431
10, 25.6561
14, 25.6568
1, 25.6607
0, 25.662
12, 25.6633
8, 25.664
18, 25.6643
9, 25.6676
10, 25.6704
2, 25.6726
4, 25.6738
12, 25.6743
14, 25.6746
13, 25.677
12, 25.686
3, 25.6885
19, 25.6953
0, 25.6961
11, 25.6963
6, 25.6971
17, 25.7035
18, 25.7074
8, 25.7077
16, 25.7089
5, 25.7148
3, 25.7185
6, 25.7218
9, 25.722
8, 25.7249
1, 25.7259
10, 25.7345
6, 25.7354
15, 25.7362
4, 25.7409
0, 25.7426
6, 25.7478
15, 25.7492
5, 25.7534
19, 25.7539
4, 25.756
8, 25.756
7, 25.7567
3, 25.758
5, 25.7664
13, 25.7675
0, 25.7735
19, 25.7736
11, 25.7746
7, 25.7767
12, 25.7812
2, 25.7852
14, 25.7905
15, 25.793
5, 25.7985
4, 25.8041
3, 25.8043
7, 25.8076
12, 25.809
18, 25.8099
9, 25.8122
19, 25.8134
5, 25.8162
5, 25.8206
4, 25.8226
18, 25.8234
13, 25.8341
7, 25.837
13, 25.8389
8, 25.839
15, 25.8414
16, 25.8455
10, 25.846
4, 25.8564
16, 25.8588
9, 25.8623
12, 25.8628
19, 25.8643
13, 25.8687
2, 25.8726
17, 25.8734
8, 25.8872
1, 25.8878
7, 25.8915
5, 25.8924
12, 25.8993
0, 25.9007
16, 25.9029
4, 25.9079
11, 25.9104
7, 25.9116
6, 25.9179
10, 25.9293
4, 25.9311
1, 25.9315
0, 25.9318
12, 25.935
6, 25.9406
6, 25.9516
13, 25.9559
19, 25.9559
7, 25.963
5, 25.9633
17, 25.9635
15, 25.9722
10, 25.9734
13, 25.9797
18, 25.98
10, 25.9896
1, 25.9937
5, 26.0006
19, 26.0008
10, 26.0047
5, 26.0049
8, 26.0105
16, 26.015
9, 26.0206
6, 26.0263
11, 26.0271
11, 26.034
16, 26.0397
7, 26.0409
10, 26.0445
9, 26.0451
16, 26.0474
8, 26.0533
18, 26.0536
5, 26.0591
9, 26.0683
15, 26.0724
6, 26.0831
14, 26.0847
2, 26.0909
15, 26.0954
12, 26.1051
6, 26.1085
18, 26.1245
15, 26.1295
2, 26.1325
15, 26.1442
8, 26.1517
6, 26.1533
1, 26.16
19, 26.1637
18, 26.1638
4, 26.1673
15, 26.1695
9, 26.1704
3, 26.1724
1, 26.1942
19, 26.1953
10, 26.1993
12, 26.2011
7, 26.2066
18, 26.2072
5, 26.2196
8, 26.2251
7, 26.2253
15, 26.2272
11, 26.2286
15, 26.256
17, 26.2633
1, 26.2659
18, 26.2705
7, 26.2725
1, 26.2779
7, 26.2861
5, 26.2887
15, 26.2955
16, 26.298
13, 26.3026
17, 26.3064
1, 26.3075
9, 26.321
4, 26.3237
17, 26.3269
19, 26.3285
14, 26.3307
1, 26.3325
18, 26.3496
17, 26.3514
15, 26.3572
6, 26.3642
3, 26.371
14, 26.3789
10, 26.3877
17, 26.3934
9, 26.3957
18, 26.4091
10, 26.4098
0, 26.4101
2, 26.4127
3, 26.4151
18, 26.4221
11, 26.4234
6, 26.426
16, 26.4367
18, 26.4411
16, 26.4532
3, 26.4543
12, 26.4543
13, 26.4577
2, 26.4729
9, 26.4733
5, 26.4745
13, 26.4793
3, 26.4808
15, 26.4983
13, 26.499
9, 26.5034
19, 26.5105
9, 26.517
11, 26.5308
14, 26.5314
4, 26.5373
13, 26.5547
7, 26.5594
12, 26.5623
9, 26.5678
1, 26.5809
11, 26.589
19, 26.5954
2, 26.5972
3, 26.5975
16, 26.5985
4, 26.6095
2, 26.649
6, 26.6525
14, 26.6588
16, 26.6631
17, 26.6655
5, 26.6715
7, 26.6943
0, 26.7152
8, 26.72
11, 26.741
10, 26.7509
19, 26.7569
18, 26.766
14, 26.7707
10, 26.7772
6, 26.7898
10, 26.7944
6, 26.8006
11, 26.8032
14, 26.8221
5, 26.8223
12, 26.8284
14, 26.8447
18, 26.8469
14, 26.849
7, 26.8549
3, 26.8667
17, 26.8873
13, 26.8913
11, 26.893
9, 26.8952
15, 26.9296
6, 26.9301
10, 26.9304
9, 26.9308
17, 26.9387
18, 26.957
9, 26.9642
3, 26.9669
1, 26.9825
6, 27.0082
7, 27.0185
15, 27.0259
0, 27.0319
8, 27.0425
10, 27.0493
15, 27.0575
14, 27.0608
8, 27.0745
17, 27.0747
12, 27.0822
0, 27.0876
6, 27.1005
17, 27.1101
4, 27.1106
9, 27.1269
5, 27.1302
15, 27.1354
4, 27.1404
8, 27.1414
11, 27.1708
14, 27.1812
16, 27.1944
7, 27.1993
5, 27.2029
8, 27.2145
0, 27.2397
5, 27.2414
8, 27.2484
5, 27.2616
3, 27.2621
9, 27.2758
0, 27.3173
14, 27.3425
7, 27.3514
16, 27.3619
4, 27.3718
11, 27.3894
4, 27.3911
1, 27.3982
12, 27.4094
6, 27.4357
8, 27.4627
7, 27.4632
10, 27.467
9, 27.4683
1, 27.4883
5, 27.493
19, 27.4931
11, 27.5191
8, 27.5231
2, 27.5422
8, 27.547
0, 27.556
7, 27.5907
3, 27.6003
13, 27.6168
6, 27.6172
16, 27.6363
7, 27.6461
4, 27.6519
18, 27.6593
4, 27.6622
17, 27.6721
7, 27.6771
9, 27.6975
18, 27.7032
1, 27.704
16, 27.7309
13, 27.734
17, 27.7474
2, 27.758
0, 27.7824
0, 27.7917
12, 27.8068
18, 27.827
14, 27.8347
8, 27.8418
3, 27.8596
0, 27.8607
8, 27.8645
4, 27.8896
17, 27.8946
5, 27.9009
2, 27.9104
0, 27.9148
10, 27.9245
5, 27.9246
19, 27.9442
5, 27.9516
13, 27.9547
10, 27.9636
17, 27.9815
2, 27.9844
15, 28.0005
0, 28.0086
4, 28.0179
17, 28.0216
6, 28.0252
16, 28.0502
12, 28.0656
12, 28.0699
11, 28.08
8, 28.1026
8, 28.1404
15, 28.1537
1, 28.156
17, 28.1588
16, 28.1676
8, 28.1734
5, 28.1767
14, 28.1769
15, 28.1783
6, 28.1803
0, 28.1834
1, 28.2096
12, 28.2127
16, 28.2356
12, 28.2648
17, 28.2729
0, 28.2934
10, 28.3113
19, 28.3131
7, 28.3303
14, 28.3553
10, 28.3568
5, 28.3639
11, 28.3687
5, 28.3777
15, 28.3816
5, 28.3858
4, 28.3944
11, 28.4213
6, 28.4276
15, 28.4349
10, 28.4485
6, 28.4498
6, 28.4587
5, 28.4687
12, 28.477
1, 28.4941
4, 28.4962
7, 28.5189
19, 28.5189
18, 28.532
0, 28.5398
19, 28.5475
0, 28.5501
8, 28.5787
12, 28.586
15, 28.5913
11, 28.6176
16, 28.6217
7, 28.6379
13, 28.6405
14, 28.6498
1, 28.6581
11, 28.6662
8, 28.6694
15, 28.6954
10, 28.7063
11, 28.7185
0, 28.7281
12, 28.7292
3, 28.7444
6, 28.7465
0, 28.7473
19, 28.7706
13, 28.7732
2, 28.7773
17, 28.7996
3, 28.8035
14, 28.804
9, 28.8237
18, 28.8495
13, 28.8509
14, 28.8533
8, 28.8679
0, 28.8742
14, 28.8849
17, 28.897
13, 28.9041
19, 28.9249
13, 28.9255
8, 28.9394
14, 28.951
6, 28.9526
9, 28.9649
12, 28.966
15, 28.9676
7, 28.9711
3, 28.9822
0, 29.0126
11, 29.0164
3, 29.0354
5, 29.0428
6, 29.0434
14, 29.0599
3, 29.073
10, 29.0822
3, 29.0889
5, 29.1057
7, 29.1115
19, 29.1173
13, 29.1216
17, 29.1276
8, 29.1392
11, 29.1518
1, 29.1607
12, 29.1821
14, 29.1824
6, 29.2097
7, 29.2306
17, 29.2463
0, 29.2546
15, 29.2757
12, 29.2842
1, 29.2864
9, 29.3005
11, 29.3131
13, 29.3171
17, 29.3248
11, 29.3302
17, 29.3326
5, 29.3371
4, 29.3399
10, 29.3608
15, 29.3616
17, 29.3694
8, 29.3802
2, 29.3804
13, 29.388
2, 29.3961
3, 29.4103
3, 29.4184
7, 29.4286
8, 29.4292
18, 29.4407
7, 29.4468
8, 29.4511
19, 29.4641
7, 29.4843
15, 29.4856
10, 29.4889
1, 29.5174
19, 29.5178
1, 29.5307
4, 29.5476
19, 29.5546
15, 29.5559
14, 29.5562
10, 29.5668
13, 29.575
5, 29.5897
19, 29.5898
9, 29.5905
13, 29.5923
13, 29.6058
18, 29.6197
6, 29.6233
7, 29.6358
17, 29.6363
4, 29.6365
18, 29.6381
5, 29.6391
3, 29.6408
17, 29.6511
18, 29.6517
3, 29.6522
7, 29.6531
10, 29.6542
16, 29.655
12, 29.665
15, 29.6658
11, 29.668
1, 29.6698
8, 29.6703
7, 29.6714
12, 29.6784
14, 29.6808
9, 29.6827
19, 29.6831
5, 29.6836
2, 29.6866
14, 29.6866
18, 29.6892
13, 29.6894
15, 29.6902
19, 29.6943
17, 29.6945
14, 29.6989
19, 29.7026
13, 29.7049
2, 29.7058
10, 29.7062
9, 29.7069
5, 29.7084
18, 29.7095
9, 29.712
1, 29.7164
10, 29.72
18, 29.722
11, 29.7242
3, 29.7284
18, 29.7286
11, 29.7297
17, 29.7298
16, 29.7316
8, 29.7319
10, 29.7323
3, 29.7355
12, 29.7356
7, 29.7385
18, 29.7412
5, 29.7422
9, 29.746
0, 29.7486
6, 29.7494
16, 29.756
2, 29.7567
10, 29.7601
3, 29.7606
15, 29.7606
5, 29.765
1, 29.7663
16, 29.7666
5, 29.7747
15, 29.7761
12, 29.779
9, 29.7805
8, 29.7933
12, 29.7935
0, 29.7962
3, 29.7965
14, 29.7969
5, 29.7975
8, 29.7975
7, 29.7991
15, 29.8003
13, 29.8023
10, 29.8083
17, 29.8135
18, 29.8208
6, 29.8211
19, 29.8216
4, 29.8273
13, 29.8298
10, 29.8344
11, 29.8357
19, 29.8378
15, 29.839
5, 29.8395
2, 29.8424
4, 29.8471
12, 29.8487
14, 29.8535
11, 29.8553
3, 29.8572
5, 29.8688
6, 29.8696
15, 29.87
18, 29.8703
19, 29.8758
17, 29.8842
10, 29.8853
8, 29.8869
13, 29.8923
9, 29.8948
4, 29.8955
0, 29.9005
14, 29.9078
12, 29.9091
9, 29.9126
16, 29.9163
7, 29.9181
8, 29.9196
19, 29.9221
11, 29.9225
1, 29.9252
17, 29.9313
1, 29.9388
19, 29.94
7, 29.9462
16, 29.9465
8, 29.9485
14, 29.9505
17, 29.9523
3, 29.9537
12, 29.9607
2, 29.9679
15, 29.9704
9, 29.9756
14, 29.9779
4, 29.9803
11, 29.9818
2, 29.994
19, 29.9963
8, 29.9979
6, 30.0039
5, 30.0065
11, 30.007
16, 30.0129
14, 30.0133
18, 30.0187
4, 30.0229
17, 30.0238
12, 30.0265
15, 30.0332
12, 30.0382
2, 30.04
4, 30.04
7, 30.0526
12, 30.0595
2, 30.0646
0, 30.0665
2, 30.0706
4, 30.0765
9, 30.0905
7, 30.1004
13, 30.1032
19, 30.1174
3, 30.1192
11, 30.1202
8, 30.1203
6, 30.1326
3, 30.145
5, 30.1469
6, 30.1482
11, 30.1584
1, 30.1643
13, 30.1825
16, 30.1839
10, 30.1863
18, 30.1962
17, 30.2114
6, 30.2165
16, 30.2562
13, 30.2571
3, 30.2595
11, 30.2641
11, 30.2696
7, 30.2846
13, 30.3182
11, 30.3191
0, 30.3374
5, 30.339
16, 30.3552
4, 30.3553
6, 30.3593
18, 30.3613
7, 30.3629
2, 30.3798
4, 30.3802
8, 30.3956
17, 30.3986
10, 30.4137
8, 30.4251
19, 30.4285
12, 30.431
4, 30.4522
17, 30.4582
18, 30.4586
2, 30.4818
7, 30.4846
1, 30.4889
16, 30.5159
4, 30.5169
6, 30.5175
18, 30.5247
7, 30.5264
6, 30.5351
8, 30.5364
7, 30.5679
5, 30.5686
8, 30.5848
16, 30.588
11, 30.5981
12, 30.6118
9, 30.6144
7, 30.6319
13, 30.6464
17, 30.6529
16, 30.6535
11, 30.6576
3, 30.6665
12, 30.6684
9, 30.6722
10, 30.7001
1, 30.7044
5, 30.7265
18, 30.7405
5, 30.7538
12, 30.7644
9, 30.7743
7, 30.7822
0, 30.7905
2, 30.7977
11, 30.802
0, 30.8092
14, 30.8105
1, 30.8143
19, 30.8363
11, 30.845
19, 30.865
10, 30.8666
6, 30.8764
3, 30.9017
13, 30.9044
6, 30.9209
17, 30.9334
7, 30.9573
18, 30.967
1, 30.9735
18, 30.9868
15, 30.9978
13, 31.0084
14, 31.0149
17, 31.0225
19, 31.0269
4, 31.0289
0, 31.0433
10, 31.0434
15, 31.0499
13, 31.0512
17, 31.0632
9, 31.0708
0, 31.0741
4, 31.0859
1, 31.0878
13, 31.1006
19, 31.1083
10, 31.1147
11, 31.1573
16, 31.1657
15, 31.1838
12, 31.1959
1, 31.2399
15, 31.2432
17, 31.2482
3, 31.2739
6, 31.279
12, 31.2838
7, 31.2862
12, 31.2886
9, 31.3205
1, 31.3344
7, 31.3538
9, 31.3559
10, 31.3665
2, 31.3676
13, 31.3764
2, 31.3821
14, 31.3946
15, 31.4019
19, 31.4045
1, 31.4182
14, 31.4278
14, 31.4474
19, 31.4496
16, 31.4574
6, 31.4653
16, 31.4871
17, 31.4986
11, 31.5117
0, 31.5185
8, 31.5244
14, 31.5305
9, 31.5432
17, 31.5453
18, 31.5484
13, 31.5518
13, 31.5651
16, 31.5654
3, 31.5768
15, 31.6135
9, 31.6213
4, 31.627
14, 31.6424
4, 31.6537
17, 31.6545
10, 31.6819
1, 31.6883
9, 31.6968
13, 31.6969
13, 31.7069
0, 31.71
9, 31.7302
14, 31.7345
10, 31.7358
14, 31.7509
4, 31.7664
12, 31.7975
19, 31.7998
0, 31.8049
2, 31.8097
16, 31.811
5, 31.8348
18, 31.8558
17, 31.8956
2, 31.9004
5, 31.9019
0, 31.9103
6, 31.9374
1, 31.9421
7, 31.956
1, 31.9579
15, 31.9607
10, 31.9745
3, 31.9951
12, 31.996
14, 32.0105
4, 32.02
0, 32.0221
2, 32.0328
0, 32.0444
11, 32.0457
8, 32.0505
16, 32.051
7, 32.0648
9, 32.0696
7, 32.0713
5, 32.0717
2, 32.0948
18, 32.1025
2, 32.1156
5, 32.1257
5, 32.1372
3, 32.1431
12, 32.1512
13, 32.1523
4, 32.1801
5, 32.1878
18, 32.1932
0, 32.1981
15, 32.2128
10, 32.2231
5, 32.2334
14, 32.2478
0, 32.2522
6, 32.2548
12, 32.2659
6, 32.2676
2, 32.3128
0, 32.3189
7, 32.3202
16, 32.3228
15, 32.3405
5, 32.3414
12, 32.3621
1, 32.3755
10, 32.3841
0, 32.3845
14, 32.4015
7, 32.4024
19, 32.4074
17, 32.4277
19, 32.4295
11, 32.4332
17, 32.4357
18, 32.4515
19, 32.4609
2, 32.4617
15, 32.4685
12, 32.4767
10, 32.4796
0, 32.5401
10, 32.5508
8, 32.5698
16, 32.574
9, 32.5851
4, 32.5997
15, 32.6146
15, 32.6318
6, 32.6477
0, 32.6647
4, 32.6656
19, 32.6662
15, 32.6713
4, 32.6781
10, 32.68
9, 32.7035
12, 32.7097
5, 32.7249
3, 32.7277
3, 32.7374
10, 32.757
9, 32.7662
11, 32.776
18, 32.7947
17, 32.8061
6, 32.8102
19, 32.817
1, 32.8307
4, 32.856
9, 32.8574
9, 32.8655
9, 32.8749
8, 32.896
4, 32.8993
5, 32.9011
18, 32.9065
2, 32.9105
15, 32.9217
1, 32.9323
4, 32.9454
17, 32.9589
15, 32.9617
8, 32.9627
17, 32.9858
18, 32.9935
16, 32.9964
15, 33.003
9, 33.0094
3, 33.0131
14, 33.0179
17, 33.0268
1, 33.0509
12, 33.0598
10, 33.062
10, 33.0786
1, 33.0863
18, 33.0889
18, 33.0995
16, 33.1222
19, 33.1274
13, 33.1288
19, 33.1337
8, 33.1545
19, 33.1601
0, 33.1746
12, 33.1753
19, 33.1832
2, 33.1865
13, 33.1981
6, 33.2191
14, 33.2195
10, 33.2602
12, 33.2612
3, 33.2736
6, 33.2872
9, 33.29
3, 33.3012
14, 33.3184
13, 33.3193
8, 33.3393
4, 33.3396
2, 33.3518
3, 33.3532
16, 33.3602
13, 33.3606
0, 33.3642
17, 33.391
0, 33.4306
6, 33.4322
7, 33.4695
5, 33.4715
14, 33.4719
13, 33.4838
4, 33.4882
9, 33.5111
17, 33.5197
4, 33.5315
6, 33.539
0, 33.546
19, 33.5486
9, 33.5637
17, 33.5743
4, 33.5937
8, 33.6098
17, 33.6218
5, 33.6226
2, 33.6369
0, 33.6401
13, 33.6429
10, 33.6618
16, 33.6737
9, 33.6779
17, 33.6977
3, 33.7006
16, 33.7242
18, 33.7291
3, 33.7456
6, 33.7477
15, 33.749
10, 33.752
13, 33.7621
15, 33.7714
7, 33.7722
0, 33.7891
19, 33.7992
14, 33.8
8, 33.8191
2, 33.8248
6, 33.8273
9, 33.8459
2, 33.8514
11, 33.8546
13, 33.8612
13, 33.8915
8, 33.9004
12, 33.9013
0, 33.9093
19, 33.9219
6, 33.9292
9, 33.9878
6, 33.9888
9, 33.9975
12, 34.0222
9, 34.0399
12, 34.0412
6, 34.0519
10, 34.0645
1, 34.0769
8, 34.079
15, 34.1098
17, 34.1169
11, 34.1209
4, 34.1299
12, 34.1471
10, 34.16
2, 34.1702
6, 34.1718
5, 34.1755
6, 34.2052
3, 34.223
11, 34.2273
6, 34.2428
19, 34.2433
18, 34.2565
15, 34.2998
14, 34.3116
5, 34.3168
16, 34.322
16, 34.3312
19, 34.3391
12, 34.3536
2, 34.3704
15, 34.3867
9, 34.394
13, 34.4214
3, 34.4234
7, 34.4311
1, 34.4449
4, 34.457
16, 34.4748
12, 34.4798
12, 34.4902
19, 34.5006
2, 34.5036
9, 34.5151
0, 34.5415
11, 34.5497
14, 34.5663
2, 34.575
5, 34.5807
17, 34.5872
8, 34.5892
19, 34.591
18, 34.6177
15, 34.6206
17, 34.6467
0, 34.6511
0, 34.6647
1, 34.6678
14, 34.6678
13, 34.6804
13, 34.6868
6, 34.689
3, 34.7022
16, 34.7055
3, 34.7703
0, 34.7716
15, 34.7815
10, 34.782
12, 34.8102
5, 34.8199
15, 34.8216
8, 34.8342
4, 34.8551
18, 34.8599
14, 34.8701
0, 34.8705
15, 34.8789
16, 34.901
10, 34.9075
10, 34.9116
0, 34.9139
11, 34.9149
11, 34.9301
1, 34.9391
7, 34.9567
15, 34.9736
17, 34.974
13, 34.9745
1, 34.9901
4, 34.9911
18, 35.0242
14, 35.0252
8, 35.0387
1, 35.0578
0, 35.07
18, 35.0796
1, 35.0964
16, 35.129
14, 35.1413
1, 35.1623
12, 35.1886
5, 35.2014
7, 35.2061
15, 35.2365
7, 35.2449
9, 35.2452
10, 35.2483
5, 35.2628
12, 35.2698
19, 35.2732
2, 35.2886
12, 35.2927
10, 35.3048
15, 35.311
16, 35.3117
7, 35.325
18, 35.341
0, 35.3523
4, 35.3575
4, 35.4172
14, 35.418
18, 35.4222
16, 35.4262
5, 35.4399
18, 35.4454
5, 35.4562
19, 35.4573
16, 35.4658
5, 35.4727
14, 35.4927
1, 35.5073
2, 35.5183
7, 35.5219
3, 35.5465
18, 35.5543
12, 35.5577
5, 35.5661
2, 35.571
14, 35.578
13, 35.5798
14, 35.5862
8, 35.6066
19, 35.6106
10, 35.6134
19, 35.6176
15, 35.6223
18, 35.6617
11, 35.6631
19, 35.6763
9, 35.6809
10, 35.6957
10, 35.7112
7, 35.7205
19, 35.7315
4, 35.7387
2, 35.7401
0, 35.7476
15, 35.7716
4, 35.7723
13, 35.7905
11, 35.7963
6, 35.8235
5, 35.8441
14, 35.8577
1, 35.8679
6, 35.8898
6, 35.9102
4, 35.9289
2, 35.9397
3, 35.9418
1, 35.9602
15, 35.9665
19, 35.9667
5, 35.9778
1, 35.9941
4, 35.9987
12, 36.025
5, 36.0464
14, 36.0464
4, 36.0515
11, 36.0567
11, 36.0906
16, 36.1012
4, 36.1035
11, 36.1396
10, 36.1444
13, 36.1655
14, 36.1722
18, 36.1779
13, 36.1848
8, 36.1875
18, 36.2026
12, 36.2092
8, 36.2247
16, 36.2434
6, 36.2557
13, 36.257
17, 36.2641
14, 36.2736
17, 36.2773
16, 36.2796
11, 36.286
18, 36.2925
15, 36.3056
12, 36.3246
12, 36.3435
13, 36.346
8, 36.355
19, 36.3695
7, 36.3954
10, 36.4088
19, 36.4149
1, 36.4307
18, 36.4379
19, 36.4429
17, 36.4638
9, 36.4767
17, 36.4769
17, 36.496
6, 36.4963
15, 36.4972
5, 36.4978
4, 36.5119
13, 36.5148
1, 36.532
8, 36.5323
6, 36.5345
1, 36.5541
11, 36.5758
13, 36.5786
6, 36.5818
10, 36.5974
8, 36.6033
2, 36.6133
13, 36.6141
14, 36.6179
12, 36.6293
11, 36.6347
7, 36.653
19, 36.6538
18, 36.6563
10, 36.6803
11, 36.7021
4, 36.7078
19, 36.7286
3, 36.7332
7, 36.7413
15, 36.769
13, 36.7722
16, 36.7746
1, 36.8023
10, 36.8089
4, 36.8172
8, 36.8291
15, 36.8311
18, 36.8413
6, 36.8449
0, 36.8473
14, 36.8524
10, 36.8637
19, 36.883
18, 36.895
7, 36.9336
13, 36.9365
12, 36.9585
9, 36.9639
6, 36.9657
19, 36.9672
5, 36.9809
16, 36.9975
5, 37.0002
9, 37.0189
6, 37.021
19, 37.0404
8, 37.0425
6, 37.0562
14, 37.0679
9, 37.0887
13, 37.0936
3, 37.1058
11, 37.1097
4, 37.1167
9, 37.1302
3, 37.141
5, 37.1422
18, 37.1426
6, 37.1479
18, 37.1505
13, 37.1553
4, 37.1668
1, 37.1945
16, 37.1988
6, 37.2041
3, 37.2128
16, 37.2128
1, 37.2267
17, 37.2331
2, 37.259
18, 37.2599
8, 37.2652
4, 37.2962
2, 37.2983
14, 37.3012
18, 37.3018
8, 37.3135
16, 37.3246
18, 37.328
11, 37.3292
5, 37.3379
11, 37.3418
3, 37.3526
6, 37.3625
13, 37.3792
17, 37.4065
18, 37.4114
13, 37.414
19, 37.4363
11, 37.4385
6, 37.459
12, 37.4642
10, 37.494
1, 37.4958
13, 37.5136
1, 37.5304
11, 37.5556
6, 37.5626
14, 37.5657
10, 37.5785
14, 37.5791
14, 37.6099
7, 37.6193
17, 37.6218
5, 37.6473
17, 37.6521
8, 37.6545
8, 37.6662
1, 37.6675
10, 37.6837
15, 37.6954
3, 37.7215
17, 37.7435
12, 37.7532
11, 37.7611
16, 37.7675
12, 37.7709
15, 37.7759
12, 37.7892
2, 37.7964
1, 37.7966
1, 37.8118
5, 37.8163
13, 37.8447
9, 37.845
11, 37.8769
4, 37.8822
17, 37.8879
10, 37.896
4, 37.8987
2, 37.9273
3, 37.943
15, 37.968
12, 37.9706
18, 37.9757
2, 37.9782
19, 37.9937
13, 37.999
18, 38.004
10, 38.0125
11, 38.0127
1, 38.0277
4, 38.0406
13, 38.0589
18, 38.0597
19, 38.0657
0, 38.0797
16, 38.0823
2, 38.0854
18, 38.0917
18, 38.1141
4, 38.1211
8, 38.1253
6, 38.1335
13, 38.1441
0, 38.1465
16, 38.1559
4, 38.158
15, 38.1686
2, 38.1696
17, 38.1737
11, 38.1944
5, 38.2004
12, 38.2068
9, 38.2115
13, 38.2257
12, 38.2316
13, 38.241
10, 38.2555
15, 38.2593
8, 38.2671
17, 38.2845
3, 38.2846
18, 38.2888
19, 38.2913
8, 38.2984
6, 38.3122
3, 38.3198
15, 38.323
0, 38.3272
7, 38.3368
19, 38.3607
15, 38.3661
17, 38.3723
8, 38.3806
3, 38.3845
4, 38.4037
8, 38.4097
4, 38.4218
4, 38.4414
14, 38.4425
9, 38.4784
8, 38.4895
16, 38.4915
18, 38.5012
4, 38.5048
15, 38.5122
13, 38.5355
10, 38.5492
6, 38.5509
15, 38.5659
18, 38.581
15, 38.5816
2, 38.5916
5, 38.5948
13, 38.6085
15, 38.612
16, 38.6228
13, 38.6307
7, 38.6378
5, 38.6424
0, 38.6446
13, 38.671
6, 38.6741
5, 38.6904
0, 38.6919
11, 38.7004
13, 38.7192
19, 38.7379
13, 38.7473
6, 38.7475
19, 38.7601
17, 38.7745
18, 38.7813
4, 38.7836
16, 38.7871
11, 38.8157
12, 38.8161
19, 38.8204
4, 38.8261
12, 38.8307
6, 38.8475
13, 38.8592
14, 38.8595
17, 38.8716
11, 38.8775
2, 38.8894
14, 38.8956
9, 38.8959
19, 38.9076
17, 38.9102
15, 38.9208
10, 38.9279
12, 38.9455
7, 38.9486
3, 38.9512
4, 38.9514
13, 38.9612
2, 38.9782
17, 38.9933
12, 38.9945
6, 38.9992
7, 39.0144
0, 39.0424
14, 39.0611
19, 39.0649
3, 39.0794
11, 39.0906
1, 39.1066
19, 39.1084
9, 39.1127
10, 39.1163
15, 39.1254
13, 39.1263
13, 39.1528
18, 39.1572
6, 39.1684
2, 39.1737
6, 39.1819
3, 39.1901
3, 39.2057
9, 39.2117
15, 39.2348
7, 39.2455
12, 39.2511
3, 39.2543
10, 39.2576
6, 39.2715
10, 39.2822
15, 39.2871
0, 39.2998
3, 39.3158
18, 39.323
11, 39.3367
11, 39.3462
12, 39.3602
10, 39.3639
6, 39.3675
18, 39.3792
14, 39.3823
13, 39.3828
16, 39.4076
4, 39.4148
17, 39.416
11, 39.4182
19, 39.4312
6, 39.4389
5, 39.4547
1, 39.4616
9, 39.468
2, 39.4768
14, 39.4831
12, 39.4887
7, 39.5072
1, 39.5082
14, 39.5098
9, 39.5235
15, 39.5253
1, 39.5284
8, 39.5545
15, 39.5545
17, 39.5575
15, 39.5685
3, 39.5825
6, 39.6165
5, 39.6189
15, 39.6201
4, 39.6263
12, 39.631
6, 39.6315
2, 39.6518
18, 39.6576
7, 39.6608
19, 39.6654
18, 39.6656
12, 39.674
12, 39.6901
5, 39.6902
5, 39.7104
1, 39.7198
13, 39.728
13, 39.737
12, 39.7462
19, 39.7516
1, 39.7589
8, 39.781
13, 39.7845
13, 39.8147
5, 39.8183
9, 39.8295
1, 39.8318
19, 39.8378
15, 39.8458
5, 39.8501
0, 39.8581
8, 39.886
5, 39.8937
7, 39.9015
19, 39.9041
7, 39.9274
2, 39.9292
16, 39.9479
10, 39.9482
3, 39.9498
16, 39.9611
15, 39.9753
13, 39.9808
19, 39.9859
12, 39.9985
